--- Session Initialized. Saving to: DATS\netanel&tal_2026A_\42A_Mode1_6.5 20.2.53 ---
Waiting for researcher whitin to start experiment screen...
CAMERA START
TRAINING STARTMP INITIALIZATION

TRAINING: Exercise ROBOT START 
MP STARThello_waving
  start
CAMERA: Exercise  hello_waving  start
ROBOT: Exercise  hello_waving  start
ROBOT: Exercise  hello_waving  done
Camera: Wave for start
CAMERA: Exercise TRAINING: Exercise    hello_waving done 
 done
Training: start waving
Training: Calibration
CAMERA: init position - please stand in front of the camera with hands to the sides
nose 0.0 0.0 0.0
L_eye_inner 0.0 0.0 0.0
L_eye 0.0 0.0 0.0
L_eye_outer 0.0 0.0 0.0
R_eye_inner 0.0 0.0 0.0
R_eye 0.0 0.0 0.0
R_eye_outer 0.0 0.0 0.0
L_ear 0.0 0.0 0.0
R_ear 0.0 0.0 0.0
L_mouth 0.0 0.0 0.0
R_mouth 0.0 0.0 0.0
L_Shoulder 0.0 0.0 0.0
R_Shoulder 0.0 0.0 0.0
L_Elbow 0.0 0.0 0.0
R_Elbow 0.0 0.0 0.0
L_Wrist 0.0 0.0 0.0
R_Wrist 0.0 0.0 0.0
L_pinky 0.0 0.0 0.0
R_pinky 0.0 0.0 0.0
L_index 0.0 0.0 0.0
R_index 0.0 0.0 0.0
L_thumb 0.0 0.0 0.0
R_thumb 0.0 0.0 0.0
L_Hip 0.0 0.0 0.0
R_Hip 0.0 0.0 0.0
could not calculate the angle
could not calculate the angle
nose 0.0 0.0 0.0
L_eye_inner 0.0 0.0 0.0
L_eye 0.0 0.0 0.0
L_eye_outer 0.0 0.0 0.0
R_eye_inner 0.0 0.0 0.0
R_eye 0.0 0.0 0.0
R_eye_outer 0.0 0.0 0.0
L_ear 0.0 0.0 0.0
R_ear 0.0 0.0 0.0
L_mouth 0.0 0.0 0.0
R_mouth 0.0 0.0 0.0
L_Shoulder 0.0 0.0 0.0
R_Shoulder 0.0 0.0 0.0
L_Elbow 0.0 0.0 0.0
R_Elbow 0.0 0.0 0.0
L_Wrist 0.0 0.0 0.0
R_Wrist 0.0 0.0 0.0
L_pinky 0.0 0.0 0.0
R_pinky 0.0 0.0 0.0
L_index 0.0 0.0 0.0
R_index 0.0 0.0 0.0
L_thumb 0.0 0.0 0.0
R_thumb 0.0 0.0 0.0
L_Hip 0.0 0.0 0.0
R_Hip 0.0 0.0 0.0
could not calculate the angle
could not calculate the angle
nose 0.0 0.0 0.0
L_eye_inner 0.0 0.0 0.0
L_eye 0.0 0.0 0.0
L_eye_outer 0.0 0.0 0.0
R_eye_inner 573.3716583251953 -158.81399631500244 4.499666765332222
R_eye 0.0 0.0 0.0
R_eye_outer 573.6882781982422 -159.0642499923706 4.499203711748123
L_ear 0.0 0.0 0.0
R_ear 0.0 0.0 0.0
L_mouth 0.0 0.0 0.0
R_mouth 0.0 0.0 0.0
L_Shoulder 622.5215911865234 -166.30329608917236 20.032265782356262
R_Shoulder 600.3151321411133 -179.90541458129883 -12.671330571174622
L_Elbow 0.0 0.0 0.0
R_Elbow 0.0 0.0 0.0
L_Wrist 0.0 0.0 0.0
R_Wrist 0.0 0.0 0.0
L_pinky 0.0 0.0 0.0
R_pinky 0.0 0.0 0.0
L_index 0.0 0.0 0.0
R_index 0.0 0.0 0.0
L_thumb 0.0 0.0 0.0
R_thumb 0.0 0.0 0.0
L_Hip 614.1614532470703 -272.6144599914551 10.597889125347137
R_Hip 598.593864440918 -273.5921859741211 -10.587795823812485
nose 566.926155090332 -165.43204307556152 2.736394479870796
L_eye_inner 566.4168548583984 -157.5580358505249 4.5103710144758224
L_eye 567.9462432861328 -156.5015172958374 4.5181892812252045
L_eye_outer 569.5839691162109 -155.39802074432373 4.523233324289322
R_eye_inner 564.7609329223633 -159.20223712921143 1.2413423508405685
R_eye 564.9532318115234 -159.34930801391602 1.2332815676927567
R_eye_outer 565.3574752807617 -159.45495128631592 1.2354295700788498
L_ear 579.8285675048828 -152.13624000549316 9.180711954832077
R_ear 575.294303894043 -156.73710823059082 -5.942817404866219
L_mouth 575.5008697509766 -168.09546947479248 4.208609834313393
R_mouth 574.1494750976562 -169.56157207489014 -0.17019212245941162
L_Shoulder 616.0651397705078 -166.47221088409424 16.158142685890198
R_Shoulder 593.101692199707 -181.75639629364014 -13.189420104026794
L_Elbow 0.0 0.0 0.0
R_Elbow 0.0 0.0 0.0
L_Wrist 0.0 0.0 0.0
R_Wrist 0.0 0.0 0.0
L_pinky 0.0 0.0 0.0
R_pinky 0.0 0.0 0.0
L_index 0.0 0.0 0.0
R_index 0.0 0.0 0.0
L_thumb 0.0 0.0 0.0
R_thumb 0.0 0.0 0.0
L_Hip 613.8106155395508 -267.6785659790039 8.696924149990082
R_Hip 592.4091339111328 -269.7001361846924 -8.696771413087845
nose 540.8579635620117 -168.31788539886475 10.88641881942749
L_eye_inner 540.9703826904297 -161.47639274597168 13.238556683063507
L_eye 542.0753860473633 -160.65467834472656 13.24242651462555
L_eye_outer 543.2080841064453 -159.7456455230713 13.244977593421936
R_eye_inner 539.7935104370117 -162.38531112670898 9.712757915258408
R_eye 540.0862884521484 -162.280011177063 9.706604480743408
R_eye_outer 540.4309844970703 -162.11249828338623 9.709075838327408
L_ear 552.6478958129883 -155.5537748336792 18.61042082309723
R_ear 549.3912506103516 -158.47825527191162 2.470036968588829
L_mouth 547.5638961791992 -171.34719371795654 12.44654431939125
R_mouth 546.8131637573242 -172.19748973846436 7.791999727487564
L_Shoulder 589.8032379150391 -167.95836925506592 24.318325519561768
R_Shoulder 568.5714721679688 -179.33353900909424 -7.286088168621063
L_Elbow 0.0 0.0 0.0
R_Elbow 0.0 0.0 0.0
L_Wrist 0.0 0.0 0.0
R_Wrist 0.0 0.0 0.0
L_pinky 0.0 0.0 0.0
R_pinky 0.0 0.0 0.0
L_index 0.0 0.0 0.0
R_index 0.0 0.0 0.0
L_thumb 0.0 0.0 0.0
R_thumb 0.0 0.0 0.0
L_Hip 589.0538787841797 -268.0165386199951 8.737928420305252
R_Hip 566.00341796875 -267.5291633605957 -8.73468816280365
nose 529.6271514892578 -171.25300884246826 3.9356276392936707
L_eye_inner 529.4974517822266 -164.32921886444092 5.855913087725639
L_eye 530.7529449462891 -163.4214448928833 5.861978605389595
L_eye_outer 532.1464157104492 -162.39805698394775 5.866770073771477
R_eye_inner 528.1084060668945 -165.78892707824707 2.5837093591690063
R_eye 528.2361602783203 -166.0216999053955 2.573489584028721
R_eye_outer 528.4560012817383 -166.20373249053955 2.5730084627866745
L_ear 541.6056060791016 -158.36362838745117 10.5741485953331
R_ear 537.9703521728516 -162.73838996887207 -4.486050456762314
L_mouth 537.7474975585938 -173.93013954162598 5.332512408494949
R_mouth 536.2340545654297 -175.3166913986206 1.0095263831317425
L_Shoulder 577.9990768432617 -170.413498878479 17.93377250432968
R_Shoulder 554.9002075195312 -183.78589153289795 -13.155952095985413
L_Elbow 0.0 0.0 0.0
R_Elbow 0.0 0.0 0.0
L_Wrist 0.0 0.0 0.0
R_Wrist 0.0 0.0 0.0
L_pinky 0.0 0.0 0.0
R_pinky 0.0 0.0 0.0
L_index 0.0 0.0 0.0
R_index 0.0 0.0 0.0
L_thumb 0.0 0.0 0.0
R_thumb 0.0 0.0 0.0
L_Hip 578.7481689453125 -268.2728576660156 8.727478235960007
R_Hip 555.1789474487305 -268.1381034851074 -8.720087260007858
nose 525.0227737426758 -171.70450687408447 4.701441526412964
L_eye_inner 524.8614501953125 -164.8412561416626 6.72202929854393
L_eye 526.3017654418945 -163.87199878692627 6.729705631732941
L_eye_outer 527.8058624267578 -162.80256271362305 6.73486590385437
R_eye_inner 522.9917526245117 -166.4815092086792 3.3266115933656693
R_eye 523.0341720581055 -166.8647575378418 3.3183209598064423
R_eye_outer 523.1528472900391 -167.21839427947998 3.322436660528183
L_ear 536.7900848388672 -159.00561332702637 11.495993286371231
R_ear 532.2290802001953 -164.09646034240723 -3.8571156561374664
L_mouth 533.319091796875 -174.16555881500244 6.166372820734978
R_mouth 531.4505004882812 -175.96023559570312 1.6996948048472404
L_Shoulder 572.1791839599609 -170.9058666229248 18.45965087413788
R_Shoulder 548.949089050293 -185.41306972503662 -12.571370601654053
L_Elbow 0.0 0.0 0.0
R_Elbow 0.0 0.0 0.0
L_Wrist 0.0 0.0 0.0
R_Wrist 0.0 0.0 0.0
L_pinky 0.0 0.0 0.0
R_pinky 0.0 0.0 0.0
L_index 0.0 0.0 0.0
R_index 0.0 0.0 0.0
L_thumb 0.0 0.0 0.0
R_thumb 0.0 0.0 0.0
L_Hip 574.3074798583984 -268.3915615081787 8.793618530035019
R_Hip 551.1381149291992 -268.27609062194824 -8.785706013441086
nose 509.95616912841797 -172.7623701095581 -1.1745902709662914
L_eye_inner 509.603271484375 -166.07826232910156 0.6109449546784163
L_eye 510.95558166503906 -165.05634784698486 0.6166478618979454
L_eye_outer 512.32177734375 -163.9740800857544 0.6209448911249638
R_eye_inner 508.13575744628906 -167.43760585784912 -2.572624385356903
R_eye 508.3064270019531 -167.5547218322754 -2.581874467432499
R_eye_outer 508.66180419921875 -167.6282787322998 -2.584933862090111
L_ear 521.5074920654297 -160.05088806152344 5.349128693342209
R_ear 517.4858856201172 -164.32233810424805 -9.286034852266312
L_mouth 517.4292755126953 -175.17584323883057 0.24298799689859152
R_mouth 515.9473419189453 -176.49161338806152 -3.9506230503320694
L_Shoulder 555.5651092529297 -171.49792671203613 13.328568637371063
R_Shoulder 532.2139358520508 -186.03073596954346 -17.595818638801575
L_Elbow 570.2733612060547 -217.3397970199585 18.38112771511078
R_Elbow 0.0 0.0 0.0
L_Wrist 548.9235305786133 -260.5445194244385 15.566737949848175
R_Wrist 0.0 0.0 0.0
L_pinky 544.8625564575195 -270.60032844543457 17.70957261323929
R_pinky 0.0 0.0 0.0
L_index 540.6379318237305 -267.9648685455322 17.254535853862762
R_index 0.0 0.0 0.0
L_thumb 0.0 0.0 0.0
R_thumb 0.0 0.0 0.0
L_Hip 551.3031768798828 -267.48470306396484 8.949781954288483
R_Hip 530.6620407104492 -267.8261661529541 -8.939135819673538
nose 499.88712310791016 -172.413067817688 1.0423139669001102
L_eye_inner 499.1136169433594 -165.5723476409912 2.9313987120985985
L_eye 500.3942108154297 -164.54126358032227 2.9373716562986374
L_eye_outer 501.6783905029297 -163.45956802368164 2.9413143172860146
R_eye_inner 497.79930114746094 -167.03803539276123 -0.3596777096390724
R_eye 498.13262939453125 -167.229266166687 -0.3677265252918005
R_eye_outer 498.64490509033203 -167.4023151397705 -0.36848518066108227
L_ear 511.0127639770508 -159.6789264678955 7.429619133472443
R_ear 507.43106842041016 -164.02892589569092 -7.647944986820221
L_mouth 507.6848602294922 -174.8047113418579 2.4197356775403023
R_mouth 506.5652847290039 -176.25745296478271 -1.9272608682513237
L_Shoulder 544.815559387207 -171.593656539917 16.20396077632904
R_Shoulder 521.2580490112305 -185.9219455718994 -16.193246841430664
L_Elbow 558.1851959228516 -216.60382747650146 22.101357579231262
R_Elbow 0.0 0.0 0.0
L_Wrist 537.0829010009766 -257.9685688018799 19.093412160873413
R_Wrist 0.0 0.0 0.0
L_pinky 532.7095794677734 -268.23841094970703 21.179218590259552
R_pinky 0.0 0.0 0.0
L_index 528.9432525634766 -265.7669734954834 19.72670704126358
R_index 0.0 0.0 0.0
L_thumb 529.5247268676758 -262.1423149108887 18.195301294326782
R_thumb 0.0 0.0 0.0
L_Hip 539.786262512207 -267.3892307281494 9.836002439260483
R_Hip 520.6219482421875 -267.76782989501953 -9.817400574684143
nose 488.08135986328125 -171.5216588973999 -2.7678871527314186
L_eye_inner 488.0491638183594 -164.35978889465332 -1.1421797797083855
L_eye 489.36283111572266 -163.28570365905762 -1.138400286436081
L_eye_outer 491.0021209716797 -162.0879364013672 -1.138991303741932
R_eye_inner 486.57527923583984 -165.86178302764893 -4.069402068853378
R_eye 486.78577423095703 -165.9537649154663 -4.074614122509956
R_eye_outer 487.17002868652344 -165.97533702850342 -4.076750949025154
L_ear 500.4095458984375 -159.16553020477295 3.10278981924057
R_ear 495.9658432006836 -163.1768560409546 -10.366253554821014
L_mouth 495.3907775878906 -174.1574764251709 -1.5195896849036217
R_mouth 494.03099060058594 -175.29943943023682 -5.386904999613762
L_Shoulder 532.3056793212891 -171.48183345794678 11.167998611927032
R_Shoulder 510.5540466308594 -185.84406852722168 -17.836032807826996
L_Elbow 543.0863571166992 -214.90143299102783 17.029254138469696
R_Elbow 0.0 0.0 0.0
L_Wrist 523.2735061645508 -254.01443481445312 14.712801575660706
R_Wrist 0.0 0.0 0.0
L_pinky 520.3684234619141 -264.6902847290039 16.384056210517883
R_pinky 0.0 0.0 0.0
L_index 516.409797668457 -263.1609535217285 15.589801967144012
R_index 0.0 0.0 0.0
L_thumb 516.8308258056641 -258.43520164489746 14.051854610443115
R_thumb 0.0 0.0 0.0
L_Hip 527.7980804443359 -264.06354904174805 9.885703027248383
R_Hip 512.032470703125 -265.31922340393066 -9.870441257953644
nose 470.6806945800781 -169.53214645385742 3.067312575876713
L_eye_inner 471.83753967285156 -162.44449138641357 4.669156298041344
L_eye 473.28758239746094 -161.36924743652344 4.673904180526733
L_eye_outer 474.8285675048828 -160.24083137512207 4.675521701574326
R_eye_inner 469.93656158447266 -164.19865608215332 1.7702940851449966
R_eye 470.0048065185547 -164.38781261444092 1.7654391005635262
R_eye_outer 470.1659393310547 -164.48317050933838 1.7642548307776451
L_ear 484.01721954345703 -158.44930171966553 8.03016722202301
R_ear 478.6287307739258 -162.38001823425293 -4.378893226385117
L_mouth 478.0359649658203 -172.45761394500732 4.178962484002113
R_mouth 476.13086700439453 -174.05686855316162 0.3690211568027735
L_Shoulder 512.5756072998047 -171.78747653961182 14.172720909118652
R_Shoulder 490.7075500488281 -187.68739700317383 -12.18867152929306
L_Elbow 522.6132965087891 -214.03913497924805 18.390655517578125
R_Elbow 0.0 0.0 0.0
L_Wrist 492.92407989501953 -253.0198574066162 19.70212161540985
R_Wrist 0.0 0.0 0.0
L_pinky 487.4467468261719 -264.9748420715332 21.841874718666077
R_pinky 0.0 0.0 0.0
L_index 480.65372467041016 -263.24292182922363 21.25389128923416
R_index 0.0 0.0 0.0
L_thumb 482.2504425048828 -258.56706619262695 19.075778126716614
R_thumb 0.0 0.0 0.0
L_Hip 508.5901641845703 -257.1529197692871 8.612263202667236
R_Hip 497.0316696166992 -258.8742256164551 -8.606922626495361
nose 460.5785369873047 -168.31518173217773 3.7064842879772186
L_eye_inner 461.2571334838867 -161.54288291931152 5.1779855042696
L_eye 462.6192092895508 -160.4491424560547 5.180026963353157
L_eye_outer 463.8968276977539 -159.287109375 5.179620534181595
R_eye_inner 459.5233917236328 -163.33595752716064 2.367177791893482
R_eye 459.6488952636719 -163.56509685516357 2.3619668558239937
R_eye_outer 459.96334075927734 -163.67408752441406 2.3597557097673416
L_ear 473.03070068359375 -157.67420768737793 8.20511281490326
R_ear 468.49456787109375 -161.7890167236328 -4.514740034937859
L_mouth 467.00660705566406 -171.15139961242676 4.481451585888863
R_mouth 465.43365478515625 -172.68033027648926 0.7817646488547325
L_Shoulder 503.05423736572266 -172.22315311431885 14.009487628936768
R_Shoulder 480.34183502197266 -188.4003210067749 -12.768895924091339
L_Elbow 510.53428649902344 -213.8847255706787 19.655145704746246
R_Elbow 0.0 0.0 0.0
L_Wrist 483.17726135253906 -252.03907012939453 20.982320606708527
R_Wrist 0.0 0.0 0.0
L_pinky 477.65777587890625 -264.4204330444336 23.80233258008957
R_pinky 0.0 0.0 0.0
L_index 472.1961975097656 -262.6336669921875 23.52030575275421
R_index 0.0 0.0 0.0
L_thumb 473.55480194091797 -258.1124782562256 20.584186911582947
R_thumb 0.0 0.0 0.0
L_Hip 495.2654266357422 -257.17071533203125 8.181402832269669
R_Hip 486.9396209716797 -259.1865921020508 -8.173628896474838
nose 457.73170471191406 -168.3177137374878 4.907621443271637
L_eye_inner 458.3877944946289 -161.5453290939331 6.431511044502258
L_eye 459.67002868652344 -160.4777956008911 6.433822214603424
L_eye_outer 460.87703704833984 -159.3169069290161 6.433664262294769
R_eye_inner 456.7394256591797 -163.23530673980713 3.453744947910309
R_eye 456.8791961669922 -163.42915534973145 3.448343649506569
R_eye_outer 457.1992492675781 -163.50823402404785 3.4454431384801865
L_ear 470.0778579711914 -157.68520832061768 9.446218609809875
R_ear 465.4512405395508 -161.72251224517822 -4.008506238460541
L_mouth 463.89949798583984 -171.18043899536133 5.658230930566788
R_mouth 462.34344482421875 -172.62568473815918 1.7537236213684082
L_Shoulder 499.63367462158203 -172.41631507873535 15.401092171669006
R_Shoulder 477.8099822998047 -188.35741996765137 -12.820036709308624
L_Elbow 507.3302459716797 -213.9558506011963 21.751654148101807
R_Elbow 0.0 0.0 0.0
L_Wrist 479.82200622558594 -252.1984577178955 23.470740020275116
R_Wrist 0.0 0.0 0.0
L_pinky 474.5713424682617 -264.43416595458984 26.6708642244339
R_pinky 0.0 0.0 0.0
L_index 468.66798400878906 -262.6831912994385 26.143544912338257
R_index 0.0 0.0 0.0
L_thumb 470.01609802246094 -258.1791687011719 23.00102710723877
R_thumb 0.0 0.0 0.0
L_Hip 490.5902099609375 -257.5393581390381 8.291111141443253
R_Hip 485.2591323852539 -259.48948860168457 -8.294962346553802
nose 451.89002990722656 -168.7915849685669 6.148529797792435
L_eye_inner 452.12268829345703 -162.09513187408447 7.846099883317947
L_eye 453.465576171875 -161.21804237365723 7.846736907958984
L_eye_outer 454.7636413574219 -160.22084712982178 7.847237586975098
R_eye_inner 450.76515197753906 -163.4071397781372 4.800475761294365
R_eye 450.92029571533203 -163.53947639465332 4.79498989880085
R_eye_outer 451.24473571777344 -163.5712766647339 4.790576174855232
L_ear 463.65684509277344 -158.20375442504883 11.6510771214962
R_ear 459.61185455322266 -161.70340061187744 -2.0779306069016457
L_mouth 457.7102279663086 -171.61766052246094 7.177896797657013
R_mouth 456.52332305908203 -172.78796195983887 3.1952038407325745
L_Shoulder 490.91514587402344 -173.86188983917236 17.72238314151764
R_Shoulder 476.2748718261719 -186.49316310882568 -11.101196706295013
L_Elbow 500.29502868652344 -216.5876054763794 22.298507392406464
R_Elbow 0.0 0.0 0.0
L_Wrist 474.51332092285156 -253.39917182922363 21.578514575958252
R_Wrist 0.0 0.0 0.0
L_pinky 468.71776580810547 -265.36717414855957 24.4682639837265
R_pinky 0.0 0.0 0.0
L_index 464.6279525756836 -263.6612033843994 23.873881995677948
R_index 0.0 0.0 0.0
L_thumb 466.30123138427734 -259.4545269012451 21.058669686317444
R_thumb 0.0 0.0 0.0
L_Hip 480.2649688720703 -258.0150890350342 8.562074601650238
R_Hip 481.82456970214844 -259.81547355651855 -8.580197393894196
nose 449.0973663330078 -169.1105604171753 5.343615263700485
L_eye_inner 449.1933822631836 -162.51627445220947 7.079589366912842
L_eye 450.4529571533203 -161.69999599456787 7.081316411495209
L_eye_outer 451.95404052734375 -160.74939250946045 7.082416862249374
R_eye_inner 448.02135467529297 -163.66583347320557 3.9823051542043686
R_eye 448.14014434814453 -163.76976013183594 3.9762165397405624
R_eye_outer 448.3982467651367 -163.79180431365967 3.9718233048915863
L_ear 461.01844787597656 -158.721284866333 11.069683730602264
R_ear 456.7081069946289 -161.88440322875977 -2.9530156403779984
L_mouth 454.95052337646484 -172.02969074249268 6.424145400524139
R_mouth 453.65772247314453 -173.09556484222412 2.372461184859276
L_Shoulder 487.54825592041016 -174.7694492340088 17.34316647052765
R_Shoulder 473.45829010009766 -185.97360134124756 -11.737997829914093
L_Elbow 496.5196228027344 -217.76610374450684 21.721239387989044
R_Elbow 0.0 0.0 0.0
L_Wrist 472.4217224121094 -253.59437942504883 19.32993084192276
R_Wrist 0.0 0.0 0.0
L_pinky 467.61207580566406 -265.38660049438477 22.281377017498016
R_pinky 0.0 0.0 0.0
L_index 464.67784881591797 -263.68160247802734 21.655328571796417
R_index 0.0 0.0 0.0
L_thumb 466.0923385620117 -259.60693359375 18.768824636936188
R_thumb 0.0 0.0 0.0
L_Hip 476.81800842285156 -259.1624164581299 8.808426558971405
R_Hip 478.6302947998047 -261.01696014404297 -8.829333633184433
nose 445.7707977294922 -169.3152093887329 4.9145083874464035
L_eye_inner 446.08638763427734 -162.774395942688 6.5661318600177765
L_eye 447.1900939941406 -161.98712825775146 6.568235158920288
L_eye_outer 448.6542510986328 -161.0954475402832 6.569182872772217
R_eye_inner 444.7099304199219 -163.8799238204956 3.5753220319747925
R_eye 444.8447036743164 -163.99439334869385 3.570513427257538
R_eye_outer 445.10570526123047 -164.02944087982178 3.5678859800100327
L_ear 458.00148010253906 -159.4180727005005 10.558464378118515
R_ear 453.5398864746094 -162.2323751449585 -3.2585375010967255
L_mouth 451.81419372558594 -172.3454189300537 5.926607176661491
R_mouth 450.31761169433594 -173.35447311401367 1.9981248304247856
L_Shoulder 484.4507598876953 -175.89097023010254 17.017966508865356
R_Shoulder 470.8169937133789 -185.99769115447998 -12.113871425390244
L_Elbow 493.0220413208008 -219.23513889312744 21.41565978527069
R_Elbow 0.0 0.0 0.0
L_Wrist 468.54740142822266 -253.9998722076416 18.381795287132263
R_Wrist 0.0 0.0 0.0
L_pinky 464.36519622802734 -265.40099143981934 21.327245235443115
R_pinky 0.0 0.0 0.0
L_index 461.7710876464844 -263.7517261505127 20.612099766731262
R_index 0.0 0.0 0.0
L_thumb 463.0937957763672 -259.82394218444824 17.790788412094116
R_thumb 0.0 0.0 0.0
L_Hip 474.5484924316406 -260.1226615905762 8.959508687257767
R_Hip 475.94913482666016 -261.7470932006836 -8.980091661214828
nose 442.83103942871094 -169.31618213653564 6.049813702702522
L_eye_inner 443.592529296875 -162.7727222442627 7.826240360736847
L_eye 444.6997833251953 -161.9965124130249 7.828725129365921
L_eye_outer 446.11061096191406 -161.16281032562256 7.831670343875885
R_eye_inner 442.1079635620117 -163.86305809020996 4.6194326132535934
R_eye 442.30960845947266 -163.9796018600464 4.612491279840469
R_eye_outer 442.6488494873047 -164.01716709136963 4.607369005680084
L_ear 455.62625885009766 -160.00001907348633 12.043692171573639
R_ear 451.2505340576172 -162.41316318511963 -2.5131985545158386
L_mouth 448.8567352294922 -172.4172306060791 7.228413224220276
R_mouth 447.2142791748047 -173.38251113891602 3.0141061171889305
L_Shoulder 481.1172103881836 -177.27735042572021 18.254922330379486
R_Shoulder 467.63439178466797 -186.51826858520508 -11.758921295404434
L_Elbow 489.0204620361328 -220.97927570343018 22.581128776073456
R_Elbow 0.0 0.0 0.0
L_Wrist 463.07865142822266 -256.1300468444824 19.610756635665894
R_Wrist 0.0 0.0 0.0
L_pinky 458.91040802001953 -267.1176338195801 22.847196459770203
R_pinky 0.0 0.0 0.0
L_index 455.56568145751953 -265.43938636779785 22.041122615337372
R_index 0.0 0.0 0.0
L_thumb 456.79473876953125 -261.60670280456543 19.00121569633484
R_thumb 0.0 0.0 0.0
L_Hip 470.7451629638672 -260.89101791381836 9.069211781024933
R_Hip 472.3712158203125 -262.4977970123291 -9.089315682649612
nose 428.5365295410156 -167.51011848449707 6.047635525465012
L_eye_inner 430.57621002197266 -161.516432762146 7.624756544828415
L_eye 431.805419921875 -160.96776008605957 7.627283036708832
L_eye_outer 433.2136535644531 -160.34791946411133 7.62961283326149
R_eye_inner 429.4568634033203 -162.06456184387207 4.6484775841236115
R_eye 429.71107482910156 -162.04859733581543 4.642754048109055
R_eye_outer 430.08758544921875 -161.98033332824707 4.637937992811203
L_ear 442.0676040649414 -160.2041530609131 12.13681846857071
R_ear 438.81031036376953 -161.78076267242432 -2.549375966191292
L_mouth 434.0808868408203 -172.224383354187 7.003690302371979
R_mouth 432.64625549316406 -173.0852508544922 2.931133285164833
L_Shoulder 462.29644775390625 -180.23264408111572 19.43647563457489
R_Shoulder 453.6949920654297 -186.15676403045654 -11.407588422298431
L_Elbow 462.4125671386719 -224.24257278442383 23.118937015533447
R_Elbow 0.0 0.0 0.0
L_Wrist 436.44771575927734 -258.480863571167 17.131316661834717
R_Wrist 0.0 0.0 0.0
L_pinky 432.71881103515625 -269.12384033203125 19.62481588125229
R_pinky 0.0 0.0 0.0
L_index 430.3163146972656 -267.5896167755127 18.739163875579834
R_index 0.0 0.0 0.0
L_thumb 431.75819396972656 -263.8314628601074 16.466405987739563
R_thumb 0.0 0.0 0.0
L_Hip 446.2068557739258 -264.38870429992676 9.321279078722
R_Hip 447.6841735839844 -264.074764251709 -9.331788122653961
nose 425.11680603027344 -165.5743646621704 4.689120128750801
L_eye_inner 427.46063232421875 -159.8820447921753 6.414987146854401
L_eye 428.94763946533203 -159.36620235443115 6.422381103038788
L_eye_outer 430.5100631713867 -158.82485389709473 6.426943838596344
R_eye_inner 425.8848190307617 -160.40260791778564 3.1458593904972076
R_eye 426.1309814453125 -160.34080982208252 3.139389306306839
R_eye_outer 426.5149688720703 -160.2104616165161 3.1353212893009186
L_ear 439.0794372558594 -159.49722290039062 11.385168880224228
R_ear 434.48272705078125 -160.85364818572998 -3.923705965280533
L_mouth 430.5447006225586 -170.99975109100342 6.011519953608513
R_mouth 428.8632583618164 -171.7996072769165 1.6842365264892578
L_Shoulder 457.16922760009766 -179.91225242614746 18.69063228368759
R_Shoulder 446.9078826904297 -185.8455991744995 -13.40140551328659
L_Elbow 457.99339294433594 -223.6270236968994 23.120534420013428
R_Elbow 0.0 0.0 0.0
L_Wrist 432.4500274658203 -258.16065788269043 18.009494245052338
R_Wrist 0.0 0.0 0.0
L_pinky 428.3185577392578 -268.0315589904785 20.62067985534668
R_pinky 0.0 0.0 0.0
L_index 425.8443832397461 -265.82791328430176 19.772683084011078
R_index 0.0 0.0 0.0
L_thumb 427.3014831542969 -262.6342964172363 17.363935708999634
R_thumb 0.0 0.0 0.0
L_Hip 441.7134094238281 -264.9038028717041 9.88120511174202
R_Hip 437.9094696044922 -264.2602729797363 -9.882023185491562
nose 414.77901458740234 -163.1214952468872 1.906590536236763
L_eye_inner 417.34493255615234 -157.56487369537354 3.479946404695511
L_eye 418.68934631347656 -157.1585512161255 3.4858323633670807
L_eye_outer 420.33714294433594 -156.7224884033203 3.488672524690628
R_eye_inner 415.6365203857422 -157.92717933654785 0.31009844969958067
R_eye 415.8642578125 -157.83132076263428 0.3047604812309146
R_eye_outer 416.23714447021484 -157.69562244415283 0.2984825987368822
L_ear 428.67027282714844 -157.6725196838379 7.698538899421692
R_ear 423.9734649658203 -158.6627197265625 -6.688515841960907
L_mouth 419.7803497314453 -168.61681938171387 3.1664859503507614
R_mouth 418.12183380126953 -169.0032720565796 -0.9857514873147011
L_Shoulder 447.9572296142578 -179.39759731292725 16.06091558933258
R_Shoulder 435.20851135253906 -185.57737827301025 -15.250587463378906
L_Elbow 447.1820831298828 -223.6371088027954 21.186761558055878
R_Elbow 0.0 0.0 0.0
L_Wrist 420.7905578613281 -255.43899536132812 17.3381045460701
R_Wrist 0.0 0.0 0.0
L_pinky 415.1956558227539 -263.651704788208 19.57884132862091
R_pinky 0.0 0.0 0.0
L_index 413.02146911621094 -261.61874771118164 19.134993851184845
R_index 0.0 0.0 0.0
L_thumb 414.7068786621094 -258.9590835571289 16.824311017990112
R_thumb 0.0 0.0 0.0
L_Hip 430.7257843017578 -264.2252826690674 10.206250101327896
R_Hip 424.48936462402344 -263.4522342681885 -10.201016813516617
nose 405.0200653076172 -161.85057163238525 5.2985407412052155
L_eye_inner 407.38758087158203 -156.37513160705566 7.0546455681324005
L_eye 408.7611770629883 -155.96673488616943 7.063182443380356
L_eye_outer 410.2388000488281 -155.44585704803467 7.068631052970886
R_eye_inner 406.00425720214844 -156.66757106781006 3.849402442574501
R_eye 406.2262725830078 -156.50683879852295 3.8436926901340485
R_eye_outer 406.59507751464844 -156.29114627838135 3.840208798646927
L_ear 418.30711364746094 -156.25787258148193 11.587367206811905
R_ear 413.93001556396484 -156.99870586395264 -3.0294815078377724
L_mouth 409.9481964111328 -167.06459999084473 6.647923588752747
R_mouth 408.51253509521484 -167.55073070526123 2.433452382683754
L_Shoulder 438.25496673583984 -179.14282321929932 19.12582814693451
R_Shoulder 424.78187561035156 -185.38666248321533 -11.860780417919159
L_Elbow 438.49605560302734 -223.17049026489258 22.770926356315613
R_Elbow 0.0 0.0 0.0
L_Wrist 415.3586959838867 -254.25973892211914 18.76954734325409
R_Wrist 0.0 0.0 0.0
L_pinky 410.48912048339844 -263.7228584289551 21.09868973493576
R_pinky 0.0 0.0 0.0
L_index 408.07823181152344 -261.8239688873291 20.99021226167679
R_index 0.0 0.0 0.0
L_thumb 409.56764221191406 -258.7331771850586 18.402963876724243
R_thumb 0.0 0.0 0.0
L_Hip 423.69651794433594 -263.50250244140625 10.176435858011246
R_Hip 416.19762420654297 -263.10619354248047 -10.172860324382782
nose 393.2050323486328 -161.02171897888184 7.2039104998111725
L_eye_inner 395.2538299560547 -155.57383060455322 9.062115848064423
L_eye 396.7471694946289 -154.9959897994995 9.06776338815689
L_eye_outer 398.40404510498047 -154.3397569656372 9.072326123714447
R_eye_inner 393.6764144897461 -156.00817680358887 5.82931712269783
R_eye 393.8286590576172 -155.8223533630371 5.822856351733208
R_eye_outer 394.1103744506836 -155.55152893066406 5.819492787122726
L_ear 406.69105529785156 -154.75278854370117 13.890308141708374
R_ear 401.83799743652344 -155.45087814331055 -1.1100318282842636
L_mouth 398.4393310546875 -165.61848163604736 8.499866724014282
R_mouth 396.58897399902344 -166.04477405548096 4.257147386670113
L_Shoulder 429.4220733642578 -177.32338428497314 19.767332077026367
R_Shoulder 410.0103759765625 -183.22824954986572 -10.023683309555054
L_Elbow 432.0978546142578 -220.78886032104492 24.54211711883545
R_Elbow 0.0 0.0 0.0
L_Wrist 406.5013885498047 -254.02204513549805 22.293512523174286
R_Wrist 0.0 0.0 0.0
L_pinky 401.2912368774414 -263.65931510925293 25.169089436531067
R_pinky 0.0 0.0 0.0
L_index 398.58314514160156 -261.2057590484619 24.918217957019806
R_index 0.0 0.0 0.0
L_thumb 400.0582504272461 -258.0464172363281 21.919140219688416
R_thumb 0.0 0.0 0.0
L_Hip 416.7621612548828 -260.88809967041016 8.458231389522552
R_Hip 399.52274322509766 -260.125093460083 -8.458632230758667
nose 389.876708984375 -161.15159511566162 5.970203131437302
L_eye_inner 392.08335876464844 -155.6639528274536 7.707284390926361
L_eye 393.5460662841797 -155.08325099945068 7.7147118747234344
L_eye_outer 395.19981384277344 -154.43522930145264 7.721278816461563
R_eye_inner 390.29457092285156 -156.11731052398682 4.751115292310715
R_eye 390.44620513916016 -155.9406852722168 4.740046709775925
R_eye_outer 390.70369720458984 -155.6801462173462 4.739764332771301
L_ear 403.49205017089844 -154.82073783874512 11.787839978933334
R_ear 398.27404022216797 -155.59048175811768 -1.8135260790586472
L_mouth 395.2393341064453 -165.76106071472168 7.159306854009628
R_mouth 393.2387924194336 -166.18479251861572 3.240041807293892
L_Shoulder 427.89451599121094 -177.24253177642822 18.108496069908142
R_Shoulder 405.89881896972656 -183.29376697540283 -10.501150786876678
L_Elbow 431.3445281982422 -219.87645149230957 22.85039722919464
R_Elbow 0.0 0.0 0.0
L_Wrist 406.5938186645508 -253.54351043701172 21.068814396858215
R_Wrist 0.0 0.0 0.0
L_pinky 402.0514678955078 -263.18970680236816 23.99219274520874
R_pinky 0.0 0.0 0.0
L_index 398.7094497680664 -260.4971408843994 24.24613982439041
R_index 0.0 0.0 0.0
L_thumb 399.88765716552734 -257.23803520202637 20.80482989549637
R_thumb 0.0 0.0 0.0
L_Hip 415.17295837402344 -260.5268955230713 8.118382841348648
R_Hip 395.89599609375 -259.36285972595215 -8.122386038303375
nose 384.16038513183594 -161.310453414917 5.92118576169014
L_eye_inner 386.33140563964844 -155.867600440979 7.629424333572388
L_eye 387.7857208251953 -155.27664184570312 7.636438310146332
L_eye_outer 389.3405532836914 -154.61930751800537 7.642148435115814
R_eye_inner 384.7169494628906 -156.32559299468994 4.627752676606178
R_eye 384.87133026123047 -156.1637306213379 4.618370905518532
R_eye_outer 385.11653900146484 -155.92337608337402 4.617029428482056
L_ear 397.7256393432617 -154.89842891693115 11.753270775079727
R_ear 392.56282806396484 -155.72157382965088 -2.1207917481660843
L_mouth 389.4274139404297 -165.89693069458008 7.0948682725429535
R_mouth 387.60215759277344 -166.3058567047119 3.1239306554198265
L_Shoulder 424.21520233154297 -177.4768352508545 17.413003742694855
R_Shoulder 397.8303909301758 -184.53924179077148 -10.519643872976303
L_Elbow 428.93428802490234 -219.67630863189697 21.331527829170227
R_Elbow 0.0 0.0 0.0
L_Wrist 405.1922607421875 -253.59583854675293 19.308437407016754
R_Wrist 0.0 0.0 0.0
L_pinky 400.0979232788086 -263.250789642334 21.945707499980927
R_pinky 0.0 0.0 0.0
L_index 396.03431701660156 -260.6392765045166 22.19943106174469
R_index 0.0 0.0 0.0
L_thumb 397.39933013916016 -257.31236457824707 19.07503455877304
R_thumb 0.0 0.0 0.0
L_Hip 412.72865295410156 -260.31832695007324 7.740623503923416
R_Hip 391.01200103759766 -259.0714645385742 -7.7469781041145325
nose 381.43321990966797 -161.6640043258667 5.837249755859375
L_eye_inner 383.77952575683594 -156.26283645629883 7.523895800113678
L_eye 385.26676177978516 -155.6807041168213 7.530394941568375
L_eye_outer 386.7674255371094 -155.008807182312 7.53680095076561
R_eye_inner 382.09678649902344 -156.7336893081665 4.554974287748337
R_eye 382.220458984375 -156.59342765808105 4.5459408313035965
R_eye_outer 382.42218017578125 -156.3988494873047 4.545069485902786
L_ear 394.95540618896484 -155.1582384109497 11.335526406764984
R_ear 389.88990783691406 -156.17483139038086 -2.4465469643473625
L_mouth 386.7439651489258 -165.96606731414795 6.939558684825897
R_mouth 384.8501205444336 -166.4762020111084 2.985834702849388
L_Shoulder 421.79527282714844 -177.9587745666504 16.35242849588394
R_Shoulder 393.94439697265625 -185.34430503845215 -10.567113012075424
L_Elbow 428.7797164916992 -220.19097805023193 20.01848667860031
R_Elbow 0.0 0.0 0.0
L_Wrist 405.45719146728516 -254.28857803344727 18.2329922914505
R_Wrist 0.0 0.0 0.0
L_pinky 399.82452392578125 -263.84814262390137 20.78048437833786
R_pinky 0.0 0.0 0.0
L_index 395.35877227783203 -261.02843284606934 20.911236107349396
R_index 0.0 0.0 0.0
L_thumb 396.92211151123047 -257.7381420135498 17.97185242176056
R_thumb 0.0 0.0 0.0
L_Hip 410.3774642944336 -260.3968620300293 7.418821752071381
R_Hip 387.68871307373047 -259.18270111083984 -7.427527010440826
nose 370.52440643310547 -162.02064514160156 9.0410515666008
L_eye_inner 373.7767791748047 -156.67436599731445 10.04718542098999
L_eye 375.555419921875 -156.11387729644775 10.052573680877686
L_eye_outer 377.4231719970703 -155.42809009552002 10.057246685028076
R_eye_inner 370.76881408691406 -157.34270095825195 7.558698207139969
R_eye 370.46031951904297 -157.34148502349854 7.555552572011948
R_eye_outer 370.16841888427734 -157.33144283294678 7.5564175844192505
L_ear 385.63854217529297 -155.56561946868896 9.775816649198532
R_ear 376.71817779541016 -157.4181318283081 -1.6037002205848694
L_mouth 376.2842559814453 -166.33639812469482 8.73645395040512
R_mouth 373.02513122558594 -167.15101718902588 5.379633232951164
L_Shoulder 410.48927307128906 -178.36987495422363 12.099602073431015
R_Shoulder 376.00887298583984 -186.76066875457764 -9.672484546899796
L_Elbow 423.49544525146484 -219.20506954193115 14.45232778787613
R_Elbow 0.0 0.0 0.0
L_Wrist 403.3837890625 -250.88207244873047 16.362132132053375
R_Wrist 0.0 0.0 0.0
L_pinky 398.41270446777344 -261.3714408874512 18.904921412467957
R_pinky 0.0 0.0 0.0
L_index 394.17198181152344 -258.30124855041504 19.147983193397522
R_index 0.0 0.0 0.0
L_thumb 394.8346710205078 -254.6440601348877 16.367200016975403
R_thumb 0.0 0.0 0.0
L_Hip 398.86192321777344 -260.1134204864502 6.149577349424362
R_Hip 374.6286392211914 -259.1792964935303 -6.158534809947014
nose 369.3584442138672 -162.03166007995605 8.541230112314224
L_eye_inner 372.51861572265625 -156.68978691101074 9.261230379343033
L_eye 374.16454315185547 -156.1320447921753 9.267178922891617
L_eye_outer 375.90999603271484 -155.44781684875488 9.272314608097076
R_eye_inner 369.31934356689453 -157.4370002746582 6.891806423664093
R_eye 368.77891540527344 -157.50091552734375 6.886658817529678
R_eye_outer 368.26019287109375 -157.56217002868652 6.88471645116806
L_ear 383.1300735473633 -155.73729515075684 7.612372934818268
R_ear 373.35750579833984 -157.83947467803955 -2.524486742913723
L_mouth 374.30015563964844 -166.36184692382812 8.112538605928421
R_mouth 370.57437896728516 -167.1579122543335 4.718289524316788
L_Shoulder 407.25830078125 -178.8290548324585 9.044811129570007
R_Shoulder 371.6986846923828 -187.5005292892456 -11.616090685129166
L_Elbow 421.9916534423828 -219.18731689453125 11.833295971155167
R_Elbow 0.0 0.0 0.0
L_Wrist 400.73787689208984 -249.41871643066406 15.59080183506012
R_Wrist 0.0 0.0 0.0
L_pinky 395.9880065917969 -260.47545433044434 18.40319186449051
R_pinky 0.0 0.0 0.0
L_index 391.11793518066406 -257.2217273712158 19.38052773475647
R_index 0.0 0.0 0.0
L_thumb 391.76063537597656 -253.27045440673828 15.871943533420563
R_thumb 0.0 0.0 0.0
L_Hip 395.4938507080078 -260.14294624328613 6.309725344181061
R_Hip 370.20057678222656 -259.2217826843262 -6.319878250360489
nose 365.44422149658203 -161.76296710968018 9.121033549308777
L_eye_inner 368.32122802734375 -156.44524097442627 9.652034193277359
L_eye 370.05138397216797 -155.98401546478271 9.657301753759384
L_eye_outer 372.0158004760742 -155.44216632843018 9.661981463432312
R_eye_inner 364.8353576660156 -157.35483169555664 7.453134655952454
R_eye 364.14730072021484 -157.47209072113037 7.4464671313762665
R_eye_outer 363.48716735839844 -157.62057781219482 7.443064451217651
L_ear 378.9291763305664 -155.89598178863525 7.779049128293991
R_ear 368.0927276611328 -158.2797145843506 -2.3193305358290672
L_mouth 370.7404327392578 -166.26962184906006 8.18735733628273
R_mouth 366.3615036010742 -166.8890619277954 5.160723999142647
L_Shoulder 401.4257049560547 -178.66620540618896 9.671857953071594
R_Shoulder 364.3674087524414 -187.75089740753174 -12.195844948291779
L_Elbow 420.08968353271484 -217.27048873901367 14.779123663902283
R_Elbow 0.0 0.0 0.0
L_Wrist 398.65989685058594 -246.1380672454834 21.9233900308609
R_Wrist 0.0 0.0 0.0
L_pinky 394.4147491455078 -257.0218276977539 25.1925528049469
R_pinky 0.0 0.0 0.0
L_index 390.2204895019531 -253.96808624267578 26.119831204414368
R_index 0.0 0.0 0.0
L_thumb 390.68328857421875 -250.14907836914062 22.215279936790466
R_thumb 0.0 0.0 0.0
L_Hip 389.9803924560547 -259.9485397338867 6.648936867713928
R_Hip 365.3571319580078 -259.2358875274658 -6.658165156841278
nose 363.28651428222656 -161.4768362045288 9.033962339162827
L_eye_inner 366.0729217529297 -156.1778211593628 9.507938474416733
L_eye 367.9140090942383 -155.8084774017334 9.513981640338898
L_eye_outer 369.8906707763672 -155.35300254821777 9.519560635089874
R_eye_inner 362.49000549316406 -156.98909282684326 7.363950461149216
R_eye 361.70894622802734 -157.1492099761963 7.357273995876312
R_eye_outer 360.9158706665039 -157.34506130218506 7.353373616933823
L_ear 376.64100646972656 -155.8674716949463 7.328451424837112
R_ear 365.10765075683594 -158.2549238204956 -2.3789996281266212
L_mouth 368.39622497558594 -166.020770072937 8.039958775043488
R_mouth 363.90419006347656 -166.4919090270996 5.056831240653992
L_Shoulder 398.53336334228516 -178.13305377960205 9.11211222410202
R_Shoulder 361.9087600708008 -187.75219917297363 -12.357471138238907
L_Elbow 418.97926330566406 -216.1013889312744 14.164242148399353
R_Elbow 0.0 0.0 0.0
L_Wrist 398.02860260009766 -244.60784912109375 20.61748206615448
R_Wrist 0.0 0.0 0.0
L_pinky 393.7010955810547 -255.18118858337402 23.73300790786743
R_pinky 0.0 0.0 0.0
L_index 389.6783447265625 -252.4862766265869 24.50452744960785
R_index 0.0 0.0 0.0
L_thumb 390.0864028930664 -248.70137214660645 20.82040309906006
R_thumb 0.0 0.0 0.0
L_Hip 387.0475387573242 -258.71289253234863 6.653430312871933
R_Hip 362.61470794677734 -258.67953300476074 -6.664128601551056
nose 361.3456344604492 -161.0511302947998 8.659817278385162
L_eye_inner 364.07936096191406 -155.84040641784668 8.979757875204086
L_eye 365.8399200439453 -155.5227756500244 8.986501395702362
L_eye_outer 367.6685333251953 -155.12171745300293 8.992486447095871
R_eye_inner 360.4170608520508 -156.67226314544678 7.221639156341553
R_eye 359.6741485595703 -156.91072940826416 7.215292006731033
R_eye_outer 358.94046783447266 -157.18131065368652 7.21462145447731
L_ear 374.3733596801758 -155.78335762023926 6.413337588310242
R_ear 362.6862335205078 -158.2508897781372 -3.3039886504411697
L_mouth 366.3325881958008 -165.5940055847168 7.381456345319748
R_mouth 362.0362854003906 -166.04493141174316 4.831638932228088
L_Shoulder 397.23934173583984 -178.0706262588501 7.948026061058044
R_Shoulder 359.1277313232422 -187.7733850479126 -12.549033761024475
L_Elbow 418.65196228027344 -214.0419101715088 13.530078530311584
R_Elbow 0.0 0.0 0.0
L_Wrist 398.99227142333984 -242.31019020080566 20.695433020591736
R_Wrist 0.0 0.0 0.0
L_pinky 394.60472106933594 -252.6712989807129 23.93139898777008
R_pinky 0.0 0.0 0.0
L_index 390.7789611816406 -250.35161018371582 24.801215529441833
R_index 0.0 0.0 0.0
L_thumb 391.22718811035156 -246.85681343078613 20.9843710064888
R_thumb 0.0 0.0 0.0
L_Hip 385.6275939941406 -257.86070823669434 6.406650692224503
R_Hip 360.86029052734375 -258.4109687805176 -6.420048326253891
nose 360.47645568847656 -160.70780754089355 11.77886575460434
L_eye_inner 363.2353973388672 -155.5785369873047 12.060295045375824
L_eye 365.0257873535156 -155.28778553009033 12.066145986318588
L_eye_outer 366.7864227294922 -154.91699695587158 12.070772796869278
R_eye_inner 359.14955139160156 -156.41318321228027 10.118623822927475
R_eye 358.1626892089844 -156.6996431350708 10.112390667200089
R_eye_outer 357.31334686279297 -157.03595638275146 10.108374059200287
L_ear 373.1211853027344 -155.69466590881348 8.762504160404205
R_ear 360.2182388305664 -158.24370861053467 -0.33103954046964645
L_mouth 365.14373779296875 -165.23923873901367 10.360821336507797
R_mouth 360.73143005371094 -165.73458194732666 7.682409882545471
L_Shoulder 395.8411407470703 -178.07101249694824 9.801559895277023
R_Shoulder 356.27025604248047 -187.5776195526123 -11.1180379986763
L_Elbow 418.5159683227539 -212.64806270599365 14.173498749732971
R_Elbow 0.0 0.0 0.0
L_Wrist 399.4516372680664 -241.27209663391113 23.319406807422638
R_Wrist 0.0 0.0 0.0
L_pinky 395.12489318847656 -251.26367568969727 26.482415199279785
R_pinky 0.0 0.0 0.0
L_index 391.3837432861328 -248.85892868041992 27.456212043762207
R_index 0.0 0.0 0.0
L_thumb 391.81480407714844 -245.5784797668457 23.62935245037079
R_thumb 0.0 0.0 0.0
L_Hip 384.4066619873047 -257.96138763427734 6.458763033151627
R_Hip 359.02610778808594 -258.4360599517822 -6.469236314296722
nose 359.34425354003906 -160.610933303833 16.039587557315826
L_eye_inner 362.099609375 -155.37899494171143 16.280296444892883
L_eye 363.91387939453125 -155.06765842437744 16.286221146583557
L_eye_outer 365.6739044189453 -154.71314907073975 16.29008948802948
R_eye_inner 357.81105041503906 -156.24052047729492 14.320945739746094
R_eye 356.6332244873047 -156.54556274414062 14.315478503704071
R_eye_outer 355.60203552246094 -156.92667961120605 14.311100542545319
L_ear 372.04601287841797 -155.64612865447998 12.815400958061218
R_ear 358.16097259521484 -158.24016094207764 3.465849533677101
L_mouth 363.8394546508789 -165.2069091796875 14.435544610023499
R_mouth 359.29019927978516 -165.6901216506958 11.738351732492447
L_Shoulder 394.91050720214844 -178.24213027954102 12.82295137643814
R_Shoulder 353.9366912841797 -187.36789226531982 -8.334603160619736
L_Elbow 418.75633239746094 -211.69538497924805 17.56426841020584
R_Elbow 0.0 0.0 0.0
L_Wrist 399.9032211303711 -241.04158401489258 26.293450593948364
R_Wrist 0.0 0.0 0.0
L_pinky 395.41744232177734 -251.07233047485352 29.448336362838745
R_pinky 0.0 0.0 0.0
L_index 391.70326232910156 -248.4946632385254 30.521422624588013
R_index 0.0 0.0 0.0
L_thumb 392.14942932128906 -245.27472496032715 26.63187086582184
R_thumb 0.0 0.0 0.0
L_Hip 383.29933166503906 -258.0400085449219 6.48665577173233
R_Hip 357.12646484375 -258.38215827941895 -6.494639068841934
nose 358.9556121826172 -160.42948722839355 17.70986020565033
L_eye_inner 361.65199279785156 -155.1204013824463 17.525088787078857
L_eye 363.5015869140625 -154.7860622406006 17.532221972942352
L_eye_outer 365.41385650634766 -154.40124034881592 17.538075149059296
R_eye_inner 357.3014831542969 -156.01773262023926 15.899515151977539
R_eye 355.98804473876953 -156.33132934570312 15.89580774307251
R_eye_outer 354.766845703125 -156.758451461792 15.887479484081268
L_ear 371.60369873046875 -155.58966636657715 12.550519406795502
R_ear 356.07898712158203 -158.15237045288086 4.464409127831459
L_mouth 362.93373107910156 -165.10810375213623 15.42883813381195
R_mouth 358.6130142211914 -165.5454969406128 13.19223940372467
L_Shoulder 393.30135345458984 -178.87094020843506 11.410273611545563
R_Shoulder 348.56616973876953 -186.3865041732788 -7.679887115955353
L_Elbow 419.76490020751953 -206.47892475128174 12.75240033864975
R_Elbow 0.0 0.0 0.0
L_Wrist 419.5294952392578 -234.76574420928955 19.72947269678116
R_Wrist 0.0 0.0 0.0
L_pinky 416.1940383911133 -245.8549976348877 22.267620265483856
R_pinky 0.0 0.0 0.0
L_index 412.15126037597656 -243.96085739135742 24.392910301685333
R_index 0.0 0.0 0.0
L_thumb 411.86031341552734 -240.65194129943848 20.531824231147766
R_thumb 0.0 0.0 0.0
L_Hip 381.5625762939453 -257.0719814300537 5.991937965154648
R_Hip 352.4378967285156 -257.13892936706543 -5.998342111706734
nose 359.5173645019531 -160.1380205154419 26.197320222854614
L_eye_inner 362.1458435058594 -154.9742031097412 25.31301975250244
L_eye 363.8517379760742 -154.6728801727295 25.31997859477997
L_eye_outer 365.6070327758789 -154.3375825881958 25.324690341949463
R_eye_inner 357.6100158691406 -155.85482597351074 24.377937614917755
R_eye 355.9545135498047 -156.20102405548096 24.376630783081055
R_eye_outer 354.39735412597656 -156.675066947937 24.370619654655457
L_ear 371.10828399658203 -155.6061029434204 17.368751764297485
R_ear 354.22191619873047 -158.21618556976318 12.82762736082077
L_mouth 363.30108642578125 -164.9354124069214 23.12307357788086
R_mouth 358.4357452392578 -165.39875507354736 21.796977519989014
L_Shoulder 391.7350769042969 -179.44247245788574 12.431100755929947
R_Shoulder 342.85194396972656 -186.3864040374756 2.306552417576313
L_Elbow 419.9306106567383 -194.63750839233398 14.978311955928802
R_Elbow 0.0 0.0 0.0
L_Wrist 450.05836486816406 -207.29506015777588 28.405359387397766
R_Wrist 0.0 0.0 0.0
L_pinky 458.98902893066406 -214.4243860244751 31.006240844726562
R_pinky 0.0 0.0 0.0
L_index 457.3396682739258 -215.11400699615479 34.27160680294037
R_index 0.0 0.0 0.0
L_thumb 454.45167541503906 -212.9225206375122 30.10624349117279
R_thumb 0.0 0.0 0.0
L_Hip 379.33345794677734 -257.1206760406494 3.8640640676021576
R_Hip 349.82421875 -256.83812141418457 -3.8674041628837585
nose 359.8858642578125 -159.93696212768555 28.83722186088562
L_eye_inner 362.21729278564453 -154.8667860031128 28.01630198955536
L_eye 363.9664840698242 -154.57514762878418 28.022339940071106
L_eye_outer 365.76011657714844 -154.27099227905273 28.02780270576477
R_eye_inner 357.7893829345703 -155.69931507110596 26.980215311050415
R_eye 356.23958587646484 -156.04567050933838 26.979166269302368
R_eye_outer 354.68719482421875 -156.5342903137207 26.97243094444275
L_ear 370.97991943359375 -155.63929080963135 20.14046609401703
R_ear 353.85948181152344 -158.2835340499878 15.239562094211578
L_mouth 363.52283477783203 -164.75875854492188 25.817066431045532
R_mouth 358.2399368286133 -165.2955436706543 24.372610449790955
L_Shoulder 390.80982208251953 -179.8037052154541 14.69709575176239
R_Shoulder 341.98192596435547 -186.15828037261963 4.499047249555588
L_Elbow 420.7094192504883 -188.94185543060303 17.306707799434662
R_Elbow 0.0 0.0 0.0
L_Wrist 458.782958984375 -197.8635835647583 28.906694054603577
R_Wrist 278.7984275817871 -203.06480884552002 0.21174706052988768
L_pinky 469.39605712890625 -203.35833549499512 31.41464591026306
R_pinky 268.0165481567383 -206.06444835662842 0.5129204131662846
L_index 468.6814880371094 -203.8260555267334 34.829649329185486
R_index 267.79388427734375 -205.41293621063232 4.005841538310051
L_thumb 464.89830017089844 -202.3652458190918 30.685433745384216
R_thumb 271.6245460510254 -204.68798160552979 1.8404336646199226
L_Hip 377.77217864990234 -257.1192455291748 3.4982196986675262
R_Hip 348.26148986816406 -256.539888381958 -3.5043083131313324
nose 359.8858642578125 -159.95186805725098 28.963640332221985
L_eye_inner 362.3162078857422 -154.87350940704346 27.937814593315125
L_eye 364.1051483154297 -154.57879543304443 27.94380486011505
L_eye_outer 365.8961868286133 -154.31904315948486 27.950578927993774
R_eye_inner 357.93827056884766 -155.6472873687744 27.24568545818329
R_eye 356.33968353271484 -155.9813117980957 27.24551558494568
R_eye_outer 354.8544692993164 -156.45951747894287 27.2402286529541
L_ear 370.87940216064453 -155.87286472320557 19.370876252651215
R_ear 353.87596130371094 -158.33175659179688 16.049306094646454
L_mouth 363.2828903198242 -164.7652244567871 25.655603408813477
R_mouth 357.9996871948242 -165.30273914337158 24.69196766614914
L_Shoulder 389.5956802368164 -179.7760248184204 14.042030274868011
R_Shoulder 340.2667999267578 -186.0232400894165 6.078892946243286
L_Elbow 421.9126892089844 -185.2755832672119 16.912558674812317
R_Elbow 0.0 0.0 0.0
L_Wrist 458.9748001098633 -188.77886295318604 26.7207533121109
R_Wrist 277.74715423583984 -193.9317512512207 2.052501402795315
L_pinky 469.6668243408203 -192.54298210144043 29.237660765647888
R_pinky 267.219295501709 -195.65674781799316 2.4805091321468353
L_index 470.3141784667969 -192.41509437561035 32.2670578956604
R_index 267.09964752197266 -195.09325504302979 5.843793228268623
L_thumb 466.1038589477539 -191.56651496887207 28.390416502952576
R_thumb 270.9001159667969 -194.98297691345215 3.640075773000717
L_Hip 377.8508758544922 -257.14588165283203 3.1150812283158302
R_Hip 347.7665710449219 -256.58992767333984 -3.122583031654358
nose 360.14991760253906 -159.9256467819214 33.97872447967529
L_eye_inner 362.6453399658203 -154.87900257110596 33.16473960876465
L_eye 364.44549560546875 -154.58453178405762 33.16822052001953
L_eye_outer 366.2931442260742 -154.3445348739624 33.17563235759735
R_eye_inner 358.1322479248047 -155.6123399734497 32.339805364608765
R_eye 356.73641204833984 -155.90270519256592 32.3414146900177
R_eye_outer 355.25684356689453 -156.34470462799072 32.33415484428406
L_ear 370.9410095214844 -156.0458278656006 24.71223622560501
R_ear 354.09046173095703 -158.37454319000244 20.842917263507843
L_mouth 363.7262725830078 -164.7686004638672 30.684715509414673
R_mouth 358.0022430419922 -165.26402950286865 29.546666145324707
L_Shoulder 389.15855407714844 -179.76352214813232 18.50418746471405
R_Shoulder 339.7309112548828 -185.52160263061523 9.849990904331207
L_Elbow 423.5743713378906 -181.77000045776367 21.45254909992218
R_Elbow 0.0 0.0 0.0
L_Wrist 460.6263732910156 -180.5806303024292 31.426814198493958
R_Wrist 276.2417984008789 -187.21148014068604 -0.7681065239012241
L_pinky 472.47318267822266 -183.9618730545044 33.74771475791931
R_pinky 265.6227684020996 -187.97214031219482 -0.7735747843980789
L_index 473.35254669189453 -183.8063907623291 37.19131052494049
R_index 265.11219024658203 -187.01385498046875 2.4685900658369064
L_thumb 469.2180633544922 -183.21837902069092 33.33334028720856
R_thumb 268.8480758666992 -187.0333957672119 0.6766034755855799
L_Hip 377.06127166748047 -256.9863510131836 3.342621773481369
R_Hip 346.9069290161133 -256.5777111053467 -3.350130468606949
nose 360.34481048583984 -159.89426136016846 33.52920114994049
L_eye_inner 362.9222869873047 -154.88240718841553 32.679226994514465
L_eye 364.74185943603516 -154.58953857421875 32.68255889415741
L_eye_outer 366.58687591552734 -154.35407638549805 32.68914818763733
R_eye_inner 358.20186614990234 -155.58187007904053 31.890869140625
R_eye 356.8163299560547 -155.8449411392212 31.892129778862
R_eye_outer 355.46268463134766 -156.2342119216919 31.885266304016113
L_ear 371.02867126464844 -156.07903003692627 23.894575238227844
R_ear 353.99646759033203 -158.36525917053223 20.210930705070496
L_mouth 364.0184783935547 -164.7727346420288 30.056339502334595
R_mouth 357.9320526123047 -165.24065494537354 28.986188769340515
L_Shoulder 389.2411804199219 -179.6617555618286 17.491689324378967
R_Shoulder 339.2901611328125 -184.04019355773926 9.376280754804611
L_Elbow 424.0886688232422 -178.37602615356445 20.11134624481201
R_Elbow 0.0 0.0 0.0
L_Wrist 460.99048614501953 -175.31624794006348 29.857900738716125
R_Wrist 276.2199020385742 -180.98230361938477 0.667025800794363
L_pinky 472.6957321166992 -176.05932712554932 32.22830891609192
R_pinky 265.3800964355469 -180.88375568389893 0.6681500934064388
L_index 473.29750061035156 -175.6944465637207 35.60922145843506
R_index 265.0608253479004 -179.9302053451538 3.8374919444322586
L_thumb 469.0959167480469 -175.93305587768555 31.73302710056305
R_thumb 268.7422180175781 -180.28631687164307 2.1032754331827164
L_Hip 376.5664291381836 -256.9852352142334 3.2792456448078156
R_Hip 345.9584045410156 -256.60861015319824 -3.288014605641365
nose 360.5023193359375 -159.83941555023193 32.38056302070618
L_eye_inner 363.1190490722656 -154.85441207885742 31.478333473205566
L_eye 364.9372863769531 -154.58792209625244 31.480994820594788
L_eye_outer 366.78123474121094 -154.35768127441406 31.486886739730835
R_eye_inner 358.32237243652344 -155.47822952270508 30.65589666366577
R_eye 356.84288024902344 -155.73018550872803 30.65682053565979
R_eye_outer 355.5488967895508 -156.06692790985107 30.649927258491516
L_ear 371.0703659057617 -156.1627721786499 22.922587394714355
R_ear 353.81324768066406 -158.36392879486084 19.0872460603714
L_mouth 364.20703887939453 -164.77771282196045 29.033249616622925
R_mouth 357.9856491088867 -165.23444652557373 27.918952703475952
L_Shoulder 389.18052673339844 -179.624662399292 17.307908833026886
R_Shoulder 338.99051666259766 -183.30984592437744 8.46395343542099
L_Elbow 424.21165466308594 -176.2568235397339 20.327909290790558
R_Elbow 305.4689407348633 -184.43768978118896 0.06925801280885935
L_Wrist 460.56846618652344 -169.3119192123413 30.11322021484375
R_Wrist 274.0187454223633 -174.00479793548584 1.1453090235590935
L_pinky 473.2124710083008 -169.23816204071045 32.54552185535431
R_pinky 262.9178237915039 -173.38907718658447 1.2233499437570572
L_index 473.37608337402344 -168.56141567230225 35.85442900657654
R_index 261.92235946655273 -172.95972347259521 4.334648698568344
L_thumb 468.6931610107422 -168.83055210113525 31.986981630325317
R_thumb 265.79700469970703 -173.8552951812744 2.608370780944824
L_Hip 376.50699615478516 -256.9494438171387 3.591374307870865
R_Hip 346.1057662963867 -256.6326713562012 -3.599638491868973
CAMERA: init position verified
Training: finish waving
Training: start exercises
TRAINING: Exercise  raise_arms_horizontally  start
CAMERA: Exercise  raise_arms_horizontally  start
ROBOT: Exercise  raise_arms_horizontally  start
1
2
3
ROBOT: Exercise  raise_arms_horizontally  done
TRAINING: Exercise  raise_arms_horizontally  done
0    0.900656
1    0.888144
dtype: float64
CAMERA: performance classification {'raise_arms_horizontally': {'right': 0.8881435254724559, 'left': 0.9006556970269933}}
C:\Users\Administrator\Documents\NetanelAndTal\N&T2026\GymmyNetanelAndTal2026\Gymmy-master\performance_classification.py:246: UserWarning: Starting a Matplotlib GUI outside of the main thread will likely fail.
  plt.figure()
CAMERA: Exercise    done
TRAINING: Exercise  raise_arms_bend_elbows  start
CAMERA: Exercise  raise_arms_bend_elbows  start
ROBOT: Exercise  raise_arms_bend_elbows  start
1
2
3
4
5
6
7
8
0    0.999980
1    0.999987
dtype: float64
CAMERA: performance classification {'raise_arms_horizontally': {'right': 0.8881435254724559, 'left': 0.9006556970269933}, 'raise_arms_bend_elbows': {'right': 0.9999872790817103, 'left': 0.9999798433794899}}
C:\Users\Administrator\Documents\NetanelAndTal\N&T2026\GymmyNetanelAndTal2026\Gymmy-master\performance_classification.py:246: UserWarning: Starting a Matplotlib GUI outside of the main thread will likely fail.
  plt.figure()
CAMERA: Exercise    done
TRAINING: Exercise  raise_arms_bend_elbows  done
ROBOT: Exercise    done
TRAINING: Exercise  open_and_close_arms  start
CAMERA: Exercise  open_and_close_arms  start
ROBOT: Exercise  open_and_close_arms  start
1
2
3
4
5
6
7
8
0    0.999999
1    1.000000
dtype: float64
CAMERA: performance classification {'raise_arms_horizontally': {'right': 0.8881435254724559, 'left': 0.9006556970269933}, 'raise_arms_bend_elbows': {'right': 0.9999872790817103, 'left': 0.9999798433794899}, 'open_and_close_arms': {'right': 0.9999998299931689, 'left': 0.9999991539352695}}
C:\Users\Administrator\Documents\NetanelAndTal\N&T2026\GymmyNetanelAndTal2026\Gymmy-master\performance_classification.py:246: UserWarning: Starting a Matplotlib GUI outside of the main thread will likely fail.
  plt.figure()
CAMERA: Exercise    done
TRAINING: Exercise  open_and_close_arms  done
ROBOT: Exercise    done
TRAINING: Exercise  bend_elbows  start
CAMERA: Exercise  bend_elbows  start
ROBOT: Exercise  bend_elbows  start
1
2
3
4
5
6
7
8
0    0.998314
1    0.999130
dtype: float64
CAMERA: performance classification {'raise_arms_horizontally': {'right': 0.8881435254724559, 'left': 0.9006556970269933}, 'raise_arms_bend_elbows': {'right': 0.9999872790817103, 'left': 0.9999798433794899}, 'open_and_close_arms': {'right': 0.9999998299931689, 'left': 0.9999991539352695}, 'bend_elbows': {'right': 0.9991299636451735, 'left': 0.9983136576565915}}
C:\Users\Administrator\Documents\NetanelAndTal\N&T2026\GymmyNetanelAndTal2026\Gymmy-master\performance_classification.py:246: UserWarning: Starting a Matplotlib GUI outside of the main thread will likely fail.
  plt.figure()
CAMERA: Exercise    done
TRAINING: Exercise  bend_elbows  done
ROBOT: Exercise    done
TRAINING: Exercise  raise_arms_forward  start
CAMERA: Exercise  raise_arms_forward  start
ROBOT: Exercise  raise_arms_forward  start
RIGHT CLICK REBOOT TRIGGERED
ROBOT: Exercise  raise_arms_forward  done
TRAINING: Exercise  raise_arms_forward  done
CAMERA: Exercise    done
TRAINING: Reboot detected, repeating exercise: raise_arms_forward
TRAINING: Exercise  raise_arms_forward  start
CAMERA: Exercise  raise_arms_forward  start
ROBOT: Exercise  raise_arms_forward  start
1
2
3
4
5
6
ROBOT: Exercise  raise_arms_forward  done
TRAINING: Exercise  raise_arms_forward  done
0    0.999961
1    0.999960
dtype: float64
CAMERA: performance classification {'raise_arms_horizontally': {'right': 0.8881435254724559, 'left': 0.9006556970269933}, 'raise_arms_bend_elbows': {'right': 0.9999872790817103, 'left': 0.9999798433794899}, 'open_and_close_arms': {'right': 0.9999998299931689, 'left': 0.9999991539352695}, 'bend_elbows': {'right': 0.9991299636451735, 'left': 0.9983136576565915}, 'raise_arms_forward': {'right': 1, 'left': 1}, 'raise_arms_forward91': {'right': 0.9999604668812473, 'left': 0.9999612572881503}}
C:\Users\Administrator\Documents\NetanelAndTal\N&T2026\GymmyNetanelAndTal2026\Gymmy-master\performance_classification.py:246: UserWarning: Starting a Matplotlib GUI outside of the main thread will likely fail.
  plt.figure()
CAMERA: Exercise    done
TRAINING: Exercise  open_and_close_arms_90  start
CAMERA: Exercise  open_and_close_arms_90  start
ROBOT: Exercise  open_and_close_arms_90  start
1
2
3
4
5
6
7
8
0    1.0
1    1.0
dtype: float64
CAMERA: performance classification {'raise_arms_horizontally': {'right': 0.8881435254724559, 'left': 0.9006556970269933}, 'raise_arms_bend_elbows': {'right': 0.9999872790817103, 'left': 0.9999798433794899}, 'open_and_close_arms': {'right': 0.9999998299931689, 'left': 0.9999991539352695}, 'bend_elbows': {'right': 0.9991299636451735, 'left': 0.9983136576565915}, 'raise_arms_forward': {'right': 1, 'left': 1}, 'raise_arms_forward91': {'right': 0.9999604668812473, 'left': 0.9999612572881503}, 'open_and_close_arms_90': {'right': 0.9999999998457283, 'left': 0.9999999999986284}}
C:\Users\Administrator\Documents\NetanelAndTal\N&T2026\GymmyNetanelAndTal2026\Gymmy-master\performance_classification.py:246: UserWarning: Starting a Matplotlib GUI outside of the main thread will likely fail.
  plt.figure()
CAMERA: Exercise    done
TRAINING: Exercise  open_and_close_arms_90  done
ROBOT: Exercise    done
Robot Done
Camera Done
TRAINING DONE
ALL SYSTEMS GO. Workout session in progress.
C:\ProgramData\Anaconda3\envs\poppyCode\lib\site-packages\xlsxwriter\workbook.py:339: UserWarning: Calling close() on already closed file.
  warn("Calling close() on already closed file.")
