--- Session Initialized. Saving to: DATS\netanel&tal_2026A_\42A_Mode1_11.5 16.16.54 ---
Waiting for researcher whitin to start experiment screen...
CAMERA START
MP INITIALIZATION
TRAINING STARTMP START

ROBOT STARTTRAINING: Exercise 
 hello_waving  start
Didn't receive data! [Timeout]
CAMERA: Exercise  hello_waving  start
ROBOT: Exercise  hello_waving  start
ROBOT: Exercise  hello_waving  done
Camera: Wave for start
CAMERA: Exercise    done
TRAINING: Exercise  hello_waving  done
Training: start waving
Training: Calibration
CAMERA: init position - please stand in front of the camera with hands to the sides
nose 419.75147247314453 -173.7366485595703 -14.397713541984558
L_eye_inner 418.3324432373047 -170.45690059661865 -11.95436716079712
L_eye 416.9322204589844 -170.32884120941162 -11.956784874200821
L_eye_outer 415.4043197631836 -170.27079105377197 -11.958911269903183
R_eye_inner 422.0384979248047 -170.7546043395996 -11.939246952533722
R_eye 423.1742477416992 -170.7886505126953 -11.940904706716537
R_eye_outer 424.2908477783203 -170.88167667388916 -11.937420070171356
L_ear 413.0708694458008 -172.99996376037598 -4.250166565179825
R_ear 426.96800231933594 -173.34506034851074 -4.205354303121567
L_mouth 417.4695587158203 -176.37000560760498 -12.295254319906235
R_mouth 421.4725875854492 -176.82651042938232 -12.241961061954498
L_Shoulder 393.0508804321289 -191.49744987487793 -1.8834646791219711
R_Shoulder 439.610595703125 -191.69124126434326 0.45455186627805233
L_Elbow 372.5763702392578 -195.15737056732178 -12.049863487482071
R_Elbow 463.3382797241211 -198.70671272277832 -8.487407863140106
L_Wrist 0.0 0.0 0.0
R_Wrist 454.37599182128906 -193.88424396514893 -26.195573806762695
L_pinky 0.0 0.0 0.0
R_pinky 0.0 0.0 0.0
L_index 0.0 0.0 0.0
R_index 0.0 0.0 0.0
L_thumb 0.0 0.0 0.0
R_thumb 0.0 0.0 0.0
L_Hip 402.25147247314453 -261.4247131347656 -1.7757758498191833
R_Hip 426.98352813720703 -261.1921977996826 1.8219564110040665
nose 419.70237731933594 -174.1172218322754 -14.007095992565155
L_eye_inner 418.27014923095703 -170.7134199142456 -11.58655658364296
L_eye 416.8822479248047 -170.56105613708496 -11.588901281356812
L_eye_outer 415.36136627197266 -170.49423694610596 -11.590615659952164
R_eye_inner 421.9044876098633 -171.0613775253296 -11.549476534128189
R_eye 423.00819396972656 -171.1064100265503 -11.551898717880249
R_eye_outer 424.1017532348633 -171.2179470062256 -11.548709869384766
L_ear 412.9644775390625 -173.23742866516113 -4.229418188333511
R_ear 426.72863006591797 -173.7401819229126 -4.069942235946655
L_mouth 417.40184783935547 -176.6960906982422 -12.02956885099411
R_mouth 421.35589599609375 -177.22054481506348 -11.94242611527443
L_Shoulder 392.90138244628906 -191.60293579101562 -2.157781273126602
R_Shoulder 439.1930389404297 -191.66368961334229 0.41913436725735664
L_Elbow 372.81078338623047 -195.02737998962402 -12.469916045665741
R_Elbow 463.6623764038086 -197.3465394973755 -7.7981531620025635
L_Wrist 0.0 0.0 0.0
R_Wrist 0.0 0.0 0.0
L_pinky 0.0 0.0 0.0
R_pinky 0.0 0.0 0.0
L_index 0.0 0.0 0.0
R_index 0.0 0.0 0.0
L_thumb 0.0 0.0 0.0
R_thumb 0.0 0.0 0.0
L_Hip 402.1733856201172 -261.5116882324219 -1.7555033788084984
R_Hip 426.8561553955078 -261.3122749328613 1.8006626516580582
nose 419.70176696777344 -174.67575073242188 -8.874638378620148
L_eye_inner 418.2676315307617 -171.17656230926514 -6.598962098360062
L_eye 416.88011169433594 -170.95903873443604 -6.601583957672119
L_eye_outer 415.3600311279297 -170.83694458007812 -6.603869050741196
R_eye_inner 421.86614990234375 -171.6415500640869 -6.500589847564697
R_eye 422.94456481933594 -171.71473503112793 -6.50283545255661
R_eye_outer 424.03465270996094 -171.86532497406006 -6.500449776649475
L_ear 412.80765533447266 -173.4651517868042 -0.08551017381250858
R_ear 426.56436920166016 -174.33191299438477 0.3688810858875513
L_mouth 417.35809326171875 -177.07902431488037 -7.217308878898621
R_mouth 421.2770080566406 -177.74192333221436 -7.054473459720612
L_Shoulder 392.31773376464844 -191.73970699310303 1.1900789104402065
R_Shoulder 438.11607360839844 -191.70917987823486 3.8056470453739166
L_Elbow 372.63511657714844 -194.8176670074463 -9.345468133687973
R_Elbow 460.6574249267578 -192.93604373931885 -5.010644719004631
L_Wrist 0.0 0.0 0.0
R_Wrist 0.0 0.0 0.0
L_pinky 0.0 0.0 0.0
R_pinky 0.0 0.0 0.0
L_index 0.0 0.0 0.0
R_index 0.0 0.0 0.0
L_thumb 0.0 0.0 0.0
R_thumb 0.0 0.0 0.0
L_Hip 401.4215850830078 -261.7422580718994 -1.7248991876840591
R_Hip 426.17767333984375 -261.751127243042 1.7709080129861832
nose 419.38987731933594 -174.88098621368408 -7.140613347291946
L_eye_inner 417.9068374633789 -171.385817527771 -4.735870286822319
L_eye 416.4902114868164 -171.15607738494873 -4.738668724894524
L_eye_outer 414.93988037109375 -171.018648147583 -4.741195961833
R_eye_inner 421.5154266357422 -171.87280654907227 -4.676162451505661
R_eye 422.5747299194336 -171.94812297821045 -4.677530750632286
R_eye_outer 423.68099212646484 -172.09688186645508 -4.674163833260536
L_ear 412.2100067138672 -173.62708568572998 1.9239623099565506
R_ear 426.10851287841797 -174.53676223754883 2.2090869024395943
L_mouth 416.8939208984375 -177.28410243988037 -5.477561801671982
R_mouth 420.8104705810547 -177.97662734985352 -5.3558629006147385
L_Shoulder 391.66954040527344 -192.03270435333252 3.287305310368538
R_Shoulder 437.93689727783203 -191.69443130493164 5.064674466848373
L_Elbow 373.3686828613281 -195.0300407409668 -8.349969238042831
R_Elbow 460.9716033935547 -192.0591402053833 -4.089881479740143
L_Wrist 0.0 0.0 0.0
R_Wrist 0.0 0.0 0.0
L_pinky 0.0 0.0 0.0
R_pinky 0.0 0.0 0.0
L_index 0.0 0.0 0.0
R_index 0.0 0.0 0.0
L_thumb 0.0 0.0 0.0
R_thumb 0.0 0.0 0.0
L_Hip 401.0789489746094 -262.0272159576416 -1.2377534061670303
R_Hip 426.03553771972656 -262.03728675842285 1.2851936742663383
nose 419.1106414794922 -174.89004135131836 -7.943347096443176
L_eye_inner 417.58251190185547 -171.4162302017212 -5.723546072840691
L_eye 416.13521575927734 -171.19311332702637 -5.726539343595505
L_eye_outer 414.5590591430664 -171.06233596801758 -5.73083758354187
R_eye_inner 421.2459182739258 -171.9005012512207 -5.570505931973457
R_eye 422.3106002807617 -171.97792053222656 -5.572398751974106
R_eye_outer 423.4228515625 -172.12743759155273 -5.568181723356247
L_ear 411.84619903564453 -173.69863986968994 0.613124156370759
R_ear 425.8544921875 -174.58032131195068 1.2099763378500938
L_mouth 416.55384063720703 -177.30387210845947 -6.476649641990662
R_mouth 420.53043365478516 -177.99912929534912 -6.219955533742905
L_Shoulder 391.5810775756836 -192.08224296569824 2.3038459941744804
R_Shoulder 437.7312469482422 -191.65170192718506 3.9811022579669952
L_Elbow 373.7472152709961 -195.23454666137695 -9.456110745668411
R_Elbow 460.74424743652344 -192.05775260925293 -5.456990003585815
L_Wrist 0.0 0.0 0.0
R_Wrist 0.0 0.0 0.0
L_pinky 0.0 0.0 0.0
R_pinky 0.0 0.0 0.0
L_index 0.0 0.0 0.0
R_index 0.0 0.0 0.0
L_thumb 0.0 0.0 0.0
R_thumb 0.0 0.0 0.0
L_Hip 400.93414306640625 -262.1151638031006 -1.1881951242685318
R_Hip 425.88623046875 -262.07385063171387 1.2343459762632847
nose 418.9796447753906 -175.0822877883911 -10.503485053777695
L_eye_inner 417.4599838256836 -171.61338329315186 -8.177195489406586
L_eye 416.00257873535156 -171.38478755950928 -8.179861307144165
L_eye_outer 414.4116973876953 -171.24765872955322 -8.18326249718666
R_eye_inner 421.10679626464844 -172.08619594573975 -8.0869659781456
R_eye 422.1553421020508 -172.15463161468506 -8.088292181491852
R_eye_outer 423.2567596435547 -172.29912757873535 -8.084411919116974
L_ear 411.6045379638672 -173.83392333984375 -1.241136807948351
R_ear 425.6790542602539 -174.72052574157715 -0.8376814424991608
L_mouth 416.33323669433594 -177.44958400726318 -8.731330931186676
R_mouth 420.3446960449219 -178.15568447113037 -8.562935888767242
L_Shoulder 391.38866424560547 -192.16967582702637 0.7528537418693304
R_Shoulder 437.60852813720703 -191.66582107543945 2.3887159302830696
L_Elbow 374.5267868041992 -195.8924674987793 -10.587320476770401
R_Elbow 460.02830505371094 -192.36724376678467 -7.6156966388225555
L_Wrist 0.0 0.0 0.0
R_Wrist 0.0 0.0 0.0
L_pinky 0.0 0.0 0.0
R_pinky 0.0 0.0 0.0
L_index 0.0 0.0 0.0
R_index 0.0 0.0 0.0
L_thumb 0.0 0.0 0.0
R_thumb 0.0 0.0 0.0
L_Hip 400.6525421142578 -262.20505714416504 -1.1796940118074417
R_Hip 425.8240509033203 -262.1792793273926 1.2262683361768723
nose 418.9234161376953 -175.08941173553467 -10.249079763889313
L_eye_inner 417.42401123046875 -171.6126823425293 -7.927218079566956
L_eye 415.9627914428711 -171.38371467590332 -7.9297855496406555
L_eye_outer 414.3640899658203 -171.24655723571777 -7.9329244792461395
R_eye_inner 421.0423278808594 -172.08459377288818 -7.8906334936618805
R_eye 422.0732879638672 -172.1523141860962 -7.891833037137985
R_eye_outer 423.1657409667969 -172.2947359085083 -7.888298481702805
L_ear 411.51634216308594 -173.8324213027954 -1.1042741127312183
R_ear 425.5324935913086 -174.7114133834839 -0.7577964570373297
L_mouth 416.2321090698242 -177.45702266693115 -8.498644828796387
R_mouth 420.23902893066406 -178.16157817840576 -8.396654576063156
L_Shoulder 391.1764144897461 -192.1639108657837 0.76071722432971
R_Shoulder 437.37037658691406 -191.67800903320312 2.5621771812438965
L_Elbow 374.3865203857422 -196.4000129699707 -9.846629202365875
R_Elbow 459.67456817626953 -192.4998664855957 -7.103285938501358
L_Wrist 0.0 0.0 0.0
R_Wrist 0.0 0.0 0.0
L_pinky 0.0 0.0 0.0
R_pinky 0.0 0.0 0.0
L_index 0.0 0.0 0.0
R_index 0.0 0.0 0.0
L_thumb 0.0 0.0 0.0
R_thumb 0.0 0.0 0.0
L_Hip 400.5752944946289 -262.3670768737793 -1.1376128531992435
R_Hip 425.6000518798828 -262.22551345825195 1.1839132755994797
nose 418.03138732910156 -175.23629665374756 -10.336439311504364
L_eye_inner 416.4862823486328 -171.72098636627197 -8.0038882791996
L_eye 415.0359344482422 -171.49658203125 -8.0058753490448
L_eye_outer 413.4481430053711 -171.3627290725708 -8.009177446365356
R_eye_inner 420.08155822753906 -172.1656036376953 -7.969449460506439
R_eye 421.09649658203125 -172.21844673156738 -7.97230452299118
R_eye_outer 422.13741302490234 -172.34418869018555 -7.969849556684494
L_ear 410.6737518310547 -173.89421939849854 -1.0969175957143307
R_ear 424.51351165771484 -174.73689079284668 -0.6725826300680637
L_mouth 415.29956817626953 -177.59987354278564 -8.53985995054245
R_mouth 419.31251525878906 -178.25480461120605 -8.42544436454773
L_Shoulder 390.6959915161133 -192.1538257598877 0.8187658153474331
R_Shoulder 436.83143615722656 -191.71606063842773 3.3389270305633545
L_Elbow 369.6490478515625 -196.54455184936523 -9.460119158029556
R_Elbow 460.11287689208984 -193.27870845794678 -4.197201132774353
L_Wrist 0.0 0.0 0.0
R_Wrist 0.0 0.0 0.0
L_pinky 0.0 0.0 0.0
R_pinky 0.0 0.0 0.0
L_index 0.0 0.0 0.0
R_index 0.0 0.0 0.0
L_thumb 0.0 0.0 0.0
R_thumb 0.0 0.0 0.0
L_Hip 399.9119567871094 -262.39651679992676 -1.3850164599716663
R_Hip 424.82872009277344 -262.23315238952637 1.4308450743556023
nose 417.60143280029297 -175.35760402679443 -10.31612753868103
L_eye_inner 416.06998443603516 -171.82498455047607 -7.969943434000015
L_eye 414.6414566040039 -171.59791946411133 -7.97179788351059
L_eye_outer 413.0792236328125 -171.46180629730225 -7.975335419178009
R_eye_inner 419.63069915771484 -172.2709321975708 -7.956896722316742
R_eye 420.64395904541016 -172.31964111328125 -7.960725575685501
R_eye_outer 421.65245056152344 -172.43815898895264 -7.958526909351349
L_ear 410.32554626464844 -173.9584493637085 -1.0281728580594063
R_ear 423.99574279785156 -174.8340082168579 -0.3615237073972821
L_mouth 414.8831558227539 -177.70010948181152 -8.511422574520111
R_mouth 418.84777069091797 -178.36824417114258 -8.40032771229744
L_Shoulder 390.51551818847656 -192.03317642211914 0.8385574445128441
R_Shoulder 436.43890380859375 -191.75176620483398 3.719140961766243
L_Elbow 367.00382232666016 -196.758770942688 -9.385475516319275
R_Elbow 460.2492904663086 -193.3267879486084 -3.2134685665369034
L_Wrist 0.0 0.0 0.0
R_Wrist 0.0 0.0 0.0
L_pinky 0.0 0.0 0.0
R_pinky 0.0 0.0 0.0
L_index 0.0 0.0 0.0
R_index 0.0 0.0 0.0
L_thumb 0.0 0.0 0.0
R_thumb 0.0 0.0 0.0
L_Hip 399.6379089355469 -262.38773345947266 -1.3839435763657093
R_Hip 424.63653564453125 -262.22920417785645 1.4295479282736778
nose 417.4094009399414 -175.4160976409912 -12.10039108991623
L_eye_inner 415.85121154785156 -171.9325590133667 -9.370006620883942
L_eye 414.40269470214844 -171.70248985290527 -9.370753914117813
L_eye_outer 412.8268814086914 -171.56328678131104 -9.371840953826904
R_eye_inner 419.43992614746094 -172.4012804031372 -9.38497856259346
R_eye 420.45108795166016 -172.46091842651367 -9.387780725955963
R_eye_outer 421.4616394042969 -172.58843421936035 -9.383313357830048
L_ear 410.1305389404297 -174.03903007507324 -1.2711642310023308
R_ear 423.8551330566406 -174.9871015548706 -1.1124412529170513
L_mouth 414.7002410888672 -177.74718761444092 -9.856860339641571
R_mouth 418.7131118774414 -178.41402053833008 -9.80987399816513
L_Shoulder 390.43785095214844 -192.00738430023193 0.8893213234841824
R_Shoulder 435.9986114501953 -191.80601119995117 3.093397617340088
L_Elbow 366.20758056640625 -197.2711944580078 -7.703597843647003
R_Elbow 460.3434371948242 -193.3525800704956 -3.6392737179994583
L_Wrist 0.0 0.0 0.0
R_Wrist 0.0 0.0 0.0
L_pinky 0.0 0.0 0.0
R_pinky 0.0 0.0 0.0
L_index 0.0 0.0 0.0
R_index 0.0 0.0 0.0
L_thumb 0.0 0.0 0.0
R_thumb 0.0 0.0 0.0
L_Hip 399.54551696777344 -262.3600101470947 -1.315194834023714
R_Hip 424.53556060791016 -262.2164726257324 1.3585085980594158
nose 417.1503448486328 -175.65064430236816 -12.124820053577423
L_eye_inner 415.54588317871094 -172.18331336975098 -9.714064002037048
L_eye 414.08275604248047 -171.94825172424316 -9.715813398361206
L_eye_outer 412.51258850097656 -171.80740356445312 -9.719201177358627
R_eye_inner 419.1489028930664 -172.65947341918945 -9.767264127731323
R_eye 420.1445770263672 -172.718768119812 -9.770233929157257
R_eye_outer 421.14097595214844 -172.8412914276123 -9.767474234104156
L_ear 409.89585876464844 -174.23902988433838 -1.3571110554039478
R_ear 423.44635009765625 -175.1738977432251 -0.8943153545260429
L_mouth 414.4508743286133 -177.9470729827881 -10.166460275650024
R_mouth 418.49830627441406 -178.6079978942871 -10.181039571762085
L_Shoulder 390.2372741699219 -191.82801246643066 0.6809351034462452
R_Shoulder 435.69766998291016 -191.8135929107666 3.490922600030899
L_Elbow 367.2166442871094 -197.7690839767456 -8.268669992685318
R_Elbow 457.7533721923828 -192.76074886322021 -2.5139834731817245
L_Wrist 0.0 0.0 0.0
R_Wrist 0.0 0.0 0.0
L_pinky 0.0 0.0 0.0
R_pinky 0.0 0.0 0.0
L_index 0.0 0.0 0.0
R_index 0.0 0.0 0.0
L_thumb 0.0 0.0 0.0
R_thumb 0.0 0.0 0.0
L_Hip 399.08580780029297 -262.35840797424316 -1.3688388280570507
R_Hip 424.23011779785156 -262.2069454193115 1.411682367324829
nose 417.12669372558594 -175.9451150894165 -13.985182344913483
L_eye_inner 415.49102783203125 -172.4790859222412 -11.385919153690338
L_eye 414.03526306152344 -172.21478462219238 -11.386223137378693
L_eye_outer 412.48321533203125 -172.04591274261475 -11.38656884431839
R_eye_inner 419.0851593017578 -172.97784805297852 -11.150448024272919
R_eye 420.0754928588867 -173.02664279937744 -11.154066026210785
R_eye_outer 421.0780715942383 -173.12918186187744 -11.150278151035309
L_ear 409.8589324951172 -174.3860149383545 -3.535374626517296
R_ear 423.24073791503906 -175.28868198394775 -2.4040060117840767
L_mouth 414.4691848754883 -178.14608573913574 -11.882106214761734
R_mouth 418.50929260253906 -178.84564876556396 -11.516550928354263
L_Shoulder 389.7574234008789 -191.79316520690918 -0.8179282769560814
R_Shoulder 435.33180236816406 -191.81174755096436 2.302524633705616
L_Elbow 367.1187973022461 -198.06997776031494 -10.14658808708191
R_Elbow 458.3579635620117 -192.4012041091919 -3.241630643606186
L_Wrist 0.0 0.0 0.0
R_Wrist 0.0 0.0 0.0
L_pinky 0.0 0.0 0.0
R_pinky 0.0 0.0 0.0
L_index 0.0 0.0 0.0
R_index 0.0 0.0 0.0
L_thumb 0.0 0.0 0.0
R_thumb 0.0 0.0 0.0
L_Hip 398.9441680908203 -262.6809883117676 -1.3595432043075562
R_Hip 424.0831756591797 -262.3319721221924 1.4011800289154053
nose 417.1208190917969 -176.13801956176758 -14.832821488380432
L_eye_inner 415.5072784423828 -172.7204132080078 -12.136153131723404
L_eye 414.05479431152344 -172.44834423065186 -12.136461585760117
L_eye_outer 412.5062942504883 -172.26701259613037 -12.136782705783844
R_eye_inner 419.0590286254883 -173.19658756256104 -11.94254606962204
R_eye 420.04222869873047 -173.23153495788574 -11.94639652967453
R_eye_outer 421.0466766357422 -173.31544876098633 -11.942609399557114
L_ear 409.84066009521484 -174.46688175201416 -3.9406590163707733
R_ear 423.09791564941406 -175.3478193283081 -3.0167605727910995
L_mouth 414.45228576660156 -178.27165603637695 -12.597401440143585
R_mouth 418.4795379638672 -178.97430896759033 -12.287646532058716
L_Shoulder 389.5951843261719 -191.8959617614746 -0.9080002084374428
R_Shoulder 435.1097106933594 -191.81347846984863 1.9461609423160553
L_Elbow 367.19799041748047 -198.3098316192627 -9.945447742938995
R_Elbow 458.40721130371094 -192.34047889709473 -3.398852050304413
L_Wrist 0.0 0.0 0.0
R_Wrist 0.0 0.0 0.0
L_pinky 0.0 0.0 0.0
R_pinky 0.0 0.0 0.0
L_index 0.0 0.0 0.0
R_index 0.0 0.0 0.0
L_thumb 0.0 0.0 0.0
R_thumb 0.0 0.0 0.0
L_Hip 398.9530563354492 -262.6786994934082 -1.3597329147160053
R_Hip 424.06543731689453 -262.32513427734375 1.401252020150423
nose 417.2599411010742 -176.42312049865723 -14.589735865592957
L_eye_inner 415.6600570678711 -173.0117654800415 -11.352939903736115
L_eye 414.2420196533203 -172.7327585220337 -11.352233588695526
L_eye_outer 412.7349853515625 -172.53888130187988 -11.35232001543045
R_eye_inner 419.0874481201172 -173.45492362976074 -11.554950475692749
R_eye 420.0569152832031 -173.47261905670166 -11.553969234228134
R_eye_outer 421.05247497558594 -173.53129863739014 -11.545135825872421
L_ear 409.9298858642578 -174.57776069641113 -3.3576510846614838
R_ear 423.08826446533203 -175.42086124420166 -2.538362145423889
L_mouth 414.62623596191406 -178.4958028793335 -11.77031546831131
R_mouth 418.5782241821289 -179.22138690948486 -11.848150193691254
L_Shoulder 389.5725631713867 -192.03755378723145 -0.972036924213171
R_Shoulder 435.0012969970703 -191.8095302581787 2.044522762298584
L_Elbow 366.8359375 -198.7820863723755 -10.47905832529068
R_Elbow 458.5308837890625 -192.35200881958008 -3.4652668982744217
L_Wrist 0.0 0.0 0.0
R_Wrist 0.0 0.0 0.0
L_pinky 0.0 0.0 0.0
R_pinky 0.0 0.0 0.0
L_index 0.0 0.0 0.0
R_index 0.0 0.0 0.0
L_thumb 0.0 0.0 0.0
R_thumb 0.0 0.0 0.0
L_Hip 398.94580841064453 -262.8210926055908 -1.4508609659969807
R_Hip 424.0223693847656 -262.33686447143555 1.4933936297893524
nose 418.4530258178711 -176.9146728515625 -13.940612971782684
L_eye_inner 416.77562713623047 -173.53167057037354 -11.349375545978546
L_eye 415.4676055908203 -173.21435451507568 -11.351130157709122
L_eye_outer 414.0776824951172 -172.95992374420166 -11.352686583995819
R_eye_inner 419.7948455810547 -173.98687362670898 -11.245216429233551
R_eye 420.64998626708984 -173.98474216461182 -11.247611045837402
R_eye_outer 421.5292739868164 -174.0066432952881 -11.243311315774918
L_ear 410.5799102783203 -174.64791297912598 -4.056701436638832
R_ear 423.08216094970703 -175.59958934783936 -3.1914308667182922
L_mouth 415.6995391845703 -178.74342441558838 -11.842827498912811
R_mouth 419.3055725097656 -179.52176570892334 -11.633175611495972
L_Shoulder 389.5121765136719 -192.0362377166748 -1.546512357890606
R_Shoulder 434.525146484375 -191.8062400817871 1.1013289913535118
L_Elbow 366.47682189941406 -198.63866329193115 -10.731615126132965
R_Elbow 458.9902114868164 -192.64575004577637 -6.157199293375015
L_Wrist 0.0 0.0 0.0
R_Wrist 0.0 0.0 0.0
L_pinky 0.0 0.0 0.0
R_pinky 0.0 0.0 0.0
L_index 0.0 0.0 0.0
R_index 0.0 0.0 0.0
L_thumb 0.0 0.0 0.0
R_thumb 0.0 0.0 0.0
L_Hip 398.8549041748047 -262.91284561157227 -1.4635251834988594
R_Hip 423.73695373535156 -262.34667778015137 1.5060554258525372
nose 419.9020004272461 -177.358717918396 -14.225396513938904
L_eye_inner 418.0247497558594 -173.9179515838623 -11.91663146018982
L_eye 416.76029205322266 -173.57035160064697 -11.91878542304039
L_eye_outer 415.47035217285156 -173.28274726867676 -11.92057952284813
R_eye_inner 420.9007263183594 -174.40406799316406 -11.545366048812866
R_eye 421.6925811767578 -174.3841552734375 -11.549379676580429
R_eye_outer 422.4814987182617 -174.37598705291748 -11.546672880649567
L_ear 411.47953033447266 -174.7624397277832 -5.054278299212456
R_ear 423.1114959716797 -175.74215412139893 -3.335130214691162
L_mouth 417.1236801147461 -179.06786441802979 -12.430111318826675
R_mouth 420.4520034790039 -179.91175174713135 -11.907465755939484
L_Shoulder 389.4009017944336 -192.0348358154297 -2.9313018545508385
R_Shoulder 434.5037078857422 -191.80339336395264 1.4103448018431664
L_Elbow 366.1116027832031 -198.43510150909424 -12.587428092956543
R_Elbow 459.06837463378906 -192.64553546905518 -5.429854989051819
L_Wrist 0.0 0.0 0.0
R_Wrist 0.0 0.0 0.0
L_pinky 0.0 0.0 0.0
R_pinky 0.0 0.0 0.0
L_index 0.0 0.0 0.0
R_index 0.0 0.0 0.0
L_thumb 0.0 0.0 0.0
R_thumb 0.0 0.0 0.0
L_Hip 398.71559143066406 -263.14069747924805 -1.9295413047075272
R_Hip 423.5117721557617 -262.4092197418213 1.974795013666153
nose 421.22474670410156 -177.59428024291992 -14.000353217124939
L_eye_inner 419.17457580566406 -174.1471767425537 -11.763615906238556
L_eye 417.9050827026367 -173.77437114715576 -11.766330152750015
L_eye_outer 416.63909912109375 -173.46280574798584 -11.768212169408798
R_eye_inner 421.9620132446289 -174.66453552246094 -11.307038366794586
R_eye 422.69886016845703 -174.63950157165527 -11.311312019824982
R_eye_outer 423.4095001220703 -174.62429523468018 -11.309157311916351
L_ear 412.3249816894531 -174.83048915863037 -5.137445777654648
R_ear 423.24108123779297 -175.86562156677246 -3.0483875423669815
L_mouth 418.389892578125 -179.22542095184326 -12.298338115215302
R_mouth 421.5460968017578 -180.13156414031982 -11.667569726705551
L_Shoulder 388.9081573486328 -192.08224296569824 -3.0809495598077774
R_Shoulder 434.5325469970703 -191.80200576782227 1.62866972386837
L_Elbow 366.23767852783203 -197.89783000946045 -12.881389260292053
R_Elbow 458.6479949951172 -192.38837242126465 -5.161768943071365
L_Wrist 0.0 0.0 0.0
R_Wrist 0.0 0.0 0.0
L_pinky 0.0 0.0 0.0
R_pinky 0.0 0.0 0.0
L_index 0.0 0.0 0.0
R_index 0.0 0.0 0.0
L_thumb 0.0 0.0 0.0
R_thumb 0.0 0.0 0.0
L_Hip 398.4678268432617 -263.16844940185547 -1.9488360732793808
R_Hip 423.4013366699219 -262.39691734313965 1.9938860088586807
nose 421.52076721191406 -178.04211616516113 -13.802316784858704
L_eye_inner 419.4862365722656 -174.60205078125 -11.444561183452606
L_eye 418.2295608520508 -174.21130657196045 -11.447077989578247
L_eye_outer 416.98230743408203 -173.88779640197754 -11.448762565851212
R_eye_inner 422.2035217285156 -175.1192808151245 -11.091190576553345
R_eye 422.9108428955078 -175.07494926452637 -11.094589531421661
R_eye_outer 423.5911178588867 -175.0407886505127 -11.091548204421997
L_ear 412.6338577270508 -175.10197162628174 -4.994797334074974
R_ear 423.24657440185547 -176.1160182952881 -2.8555523604154587
L_mouth 418.7110137939453 -179.6754026412964 -11.993203312158585
R_mouth 421.7753601074219 -180.5979824066162 -11.484666168689728
L_Shoulder 388.65909576416016 -192.08510398864746 -3.3162109553813934
R_Shoulder 434.4679641723633 -191.79784297943115 1.7877023667097092
L_Elbow 366.30313873291016 -197.6362180709839 -13.497206568717957
R_Elbow 458.58177185058594 -192.26632118225098 -4.148782789707184
L_Wrist 0.0 0.0 0.0
R_Wrist 0.0 0.0 0.0
L_pinky 0.0 0.0 0.0
R_pinky 0.0 0.0 0.0
L_index 0.0 0.0 0.0
R_index 0.0 0.0 0.0
L_thumb 0.0 0.0 0.0
R_thumb 0.0 0.0 0.0
L_Hip 398.1418991088867 -263.16919326782227 -2.04428993165493
R_Hip 423.24363708496094 -262.38158226013184 2.090250328183174
nose 422.5341033935547 -178.53891849517822 -13.399757444858551
L_eye_inner 420.5451202392578 -175.1671314239502 -11.262448877096176
L_eye 419.3250274658203 -174.78973388671875 -11.263028532266617
L_eye_outer 418.0677795410156 -174.456467628479 -11.26423254609108
R_eye_inner 423.17054748535156 -175.58270931243896 -10.825864225625992
R_eye 423.8120651245117 -175.50626277923584 -10.828486829996109
R_eye_outer 424.42493438720703 -175.44756889343262 -10.823504626750946
L_ear 413.6116027832031 -175.42372226715088 -4.664576426148415
R_ear 423.3346939086914 -176.31767749786377 -2.61823832988739
L_mouth 419.8516845703125 -180.27710437774658 -11.734426021575928
R_mouth 422.67173767089844 -181.00316047668457 -11.091309785842896
L_Shoulder 388.377685546875 -192.1444272994995 -2.9390785843133926
R_Shoulder 433.4989929199219 -191.59874439239502 2.547118067741394
L_Elbow 365.6200408935547 -197.56768226623535 -11.015689373016357
R_Elbow 454.0049362182617 -191.680326461792 -1.2304479256272316
L_Wrist 0.0 0.0 0.0
R_Wrist 0.0 0.0 0.0
L_pinky 0.0 0.0 0.0
R_pinky 0.0 0.0 0.0
L_index 0.0 0.0 0.0
R_index 0.0 0.0 0.0
L_thumb 0.0 0.0 0.0
R_thumb 0.0 0.0 0.0
L_Hip 397.9697799682617 -263.1181240081787 -2.287941239774227
R_Hip 423.05381774902344 -262.23535537719727 2.3295264691114426
nose 422.2323226928711 -178.49634647369385 -12.595245242118835
L_eye_inner 420.34244537353516 -175.13875007629395 -10.368450731039047
L_eye 419.14112091064453 -174.77322578430176 -10.369043052196503
L_eye_outer 417.9090118408203 -174.45058822631836 -10.370385646820068
R_eye_inner 422.89878845214844 -175.51005363464355 -9.9930040538311
R_eye 423.5439682006836 -175.421462059021 -9.995386004447937
R_eye_outer 424.16908264160156 -175.35342693328857 -9.9904365837574
L_ear 413.5016632080078 -175.44406414031982 -3.737371042370796
R_ear 423.2296371459961 -176.29381656646729 -2.0082546398043633
L_mouth 419.65465545654297 -180.27455806732178 -10.869856178760529
R_mouth 422.4110412597656 -180.95393657684326 -10.300935804843903
L_Shoulder 388.28102111816406 -192.13135242462158 -2.1310022100806236
R_Shoulder 433.4496307373047 -191.65874004364014 2.87906713783741
L_Elbow 365.3235626220703 -197.62322902679443 -11.142513900995255
R_Elbow 453.4652328491211 -191.74411296844482 -1.0466517880558968
L_Wrist 0.0 0.0 0.0
R_Wrist 0.0 0.0 0.0
L_pinky 0.0 0.0 0.0
R_pinky 0.0 0.0 0.0
L_index 0.0 0.0 0.0
R_index 0.0 0.0 0.0
L_thumb 0.0 0.0 0.0
R_thumb 0.0 0.0 0.0
L_Hip 397.94776916503906 -263.1138038635254 -2.261003851890564
R_Hip 423.0095672607422 -262.19367027282715 2.298866957426071
nose 422.10033416748047 -178.46292972564697 -12.945224344730377
L_eye_inner 420.28717041015625 -175.117506980896 -10.731539875268936
L_eye 419.10850524902344 -174.7585916519165 -10.731420665979385
L_eye_outer 417.89878845214844 -174.44130420684814 -10.732708126306534
R_eye_inner 422.8036117553711 -175.47135829925537 -10.322175174951553
R_eye 423.4492874145508 -175.37960529327393 -10.323259979486465
R_eye_outer 424.07894134521484 -175.30889511108398 -10.316818952560425
L_ear 413.48793029785156 -175.44084548950195 -4.155342280864716
R_ear 423.2143783569336 -176.2659502029419 -2.1733280271291733
L_mouth 419.5990753173828 -180.251727104187 -11.176999658346176
R_mouth 422.3064422607422 -180.90356826782227 -10.545293986797333
L_Shoulder 388.36822509765625 -192.09760665893555 -2.5188449770212173
R_Shoulder 433.45420837402344 -191.60927295684814 2.804330550134182
L_Elbow 365.5469512939453 -197.6535129547119 -11.084183305501938
R_Elbow 453.7049102783203 -192.08810806274414 -0.3541560145094991
L_Wrist 0.0 0.0 0.0
R_Wrist 471.90357208251953 -191.46353244781494 -9.434489160776138
L_pinky 0.0 0.0 0.0
R_pinky 0.0 0.0 0.0
L_index 0.0 0.0 0.0
R_index 0.0 0.0 0.0
L_thumb 0.0 0.0 0.0
R_thumb 0.0 0.0 0.0
L_Hip 398.0207061767578 -262.97607421875 -2.2526271641254425
R_Hip 423.02406311035156 -262.0353698730469 2.290036343038082
nose 421.56280517578125 -178.41841220855713 -13.033491373062134
L_eye_inner 419.8658752441406 -175.06094455718994 -10.825886577367783
L_eye 418.6542510986328 -174.6986961364746 -10.825927555561066
L_eye_outer 417.43152618408203 -174.37904834747314 -10.826939344406128
R_eye_inner 422.4584197998047 -175.40524005889893 -10.451047122478485
R_eye 423.1399154663086 -175.30755043029785 -10.452498495578766
R_eye_outer 423.81229400634766 -175.23184776306152 -10.446470975875854
L_ear 413.1851577758789 -175.4027509689331 -4.303970187902451
R_ear 423.1695556640625 -176.23108863830566 -2.452477067708969
L_mouth 419.1287612915039 -180.2266788482666 -11.262951046228409
R_mouth 421.8694305419922 -180.85421562194824 -10.683254897594452
L_Shoulder 388.3787155151367 -191.92721843719482 -2.8570160269737244
R_Shoulder 433.4366989135742 -191.6145372390747 2.7118688449263573
L_Elbow 365.2770233154297 -197.77816772460938 -11.37915849685669
R_Elbow 454.3013000488281 -192.3383617401123 0.21682826336473227
L_Wrist 0.0 0.0 0.0
R_Wrist 475.30784606933594 -191.6967487335205 -7.996612787246704
L_pinky 0.0 0.0 0.0
R_pinky 0.0 0.0 0.0
L_index 0.0 0.0 0.0
R_index 0.0 0.0 0.0
L_thumb 0.0 0.0 0.0
R_thumb 0.0 0.0 0.0
L_Hip 398.04359436035156 -262.8741645812988 -2.2194204851984978
R_Hip 423.02101135253906 -261.88633918762207 2.2538211196660995
nose 420.51612854003906 -178.27121257781982 -13.98778110742569
L_eye_inner 418.8825225830078 -174.83455181121826 -11.787928640842438
L_eye 417.6401901245117 -174.46929931640625 -11.787959188222885
L_eye_outer 416.4061737060547 -174.15847778320312 -11.789093911647797
R_eye_inner 421.62437438964844 -175.1754856109619 -11.425770819187164
R_eye 422.3600387573242 -175.06638050079346 -11.426754295825958
R_eye_outer 423.10306549072266 -174.98127937316895 -11.420313268899918
L_ear 412.55462646484375 -175.27260303497314 -5.047697946429253
R_ear 422.96939849853516 -176.08745098114014 -3.2809339463710785
L_mouth 418.1346893310547 -180.112566947937 -12.124314159154892
R_mouth 421.0619354248047 -180.70725917816162 -11.565843969583511
L_Shoulder 388.3282470703125 -191.89812183380127 -3.1584732234477997
R_Shoulder 433.2219696044922 -191.5660572052002 1.8646130338311195
L_Elbow 364.8026657104492 -197.81546115875244 -11.351362615823746
R_Elbow 453.8924026489258 -192.68860816955566 -0.8027605712413788
L_Wrist 0.0 0.0 0.0
R_Wrist 473.09757232666016 -191.85580730438232 -10.516544431447983
L_pinky 0.0 0.0 0.0
R_pinky 0.0 0.0 0.0
L_index 0.0 0.0 0.0
R_index 0.0 0.0 0.0
L_thumb 0.0 0.0 0.0
R_thumb 0.0 0.0 0.0
L_Hip 398.1697082519531 -262.45511054992676 -2.1938446909189224
R_Hip 423.0504608154297 -261.4109516143799 2.2271307185292244
nose 420.3257369995117 -178.15046310424805 -14.223578572273254
L_eye_inner 418.6906433105469 -174.66333389282227 -11.896777153015137
L_eye 417.4106216430664 -174.28682327270508 -11.895990371704102
L_eye_outer 416.13555908203125 -173.96979331970215 -11.897271871566772
R_eye_inner 421.5020751953125 -175.0225067138672 -11.564846336841583
R_eye 422.2566223144531 -174.91830825805664 -11.565802246332169
R_eye_outer 423.01944732666016 -174.83731269836426 -11.558902263641357
L_ear 412.2835922241211 -175.09039878845215 -4.9206845462322235
R_ear 422.97595977783203 -175.9687900543213 -3.110289014875889
L_mouth 417.8563690185547 -179.99533653259277 -12.277140468358994
R_mouth 420.89820861816406 -180.58939933776855 -11.76150068640709
L_Shoulder 388.3696746826172 -191.81921482086182 -2.9691049829125404
R_Shoulder 433.1041717529297 -191.53833389282227 1.9763369113206863
L_Elbow 364.73777770996094 -197.85807609558105 -10.529257357120514
R_Elbow 453.73767852783203 -192.8563356399536 -1.741352304816246
L_Wrist 0.0 0.0 0.0
R_Wrist 471.64478302001953 -191.848783493042 -12.541551887989044
L_pinky 0.0 0.0 0.0
R_pinky 0.0 0.0 0.0
L_index 0.0 0.0 0.0
R_index 478.04039001464844 -192.1058750152588 -13.672441244125366
L_thumb 0.0 0.0 0.0
R_thumb 0.0 0.0 0.0
L_Hip 398.26927185058594 -262.3128604888916 -2.305426076054573
R_Hip 423.0864715576172 -261.3247776031494 2.3420514538884163
nose 420.23399353027344 -178.14741611480713 -14.210517704486847
L_eye_inner 418.5992431640625 -174.65898513793945 -11.86373457312584
L_eye 417.3094940185547 -174.27879810333252 -11.862204223871231
L_eye_outer 416.0248565673828 -173.9589500427246 -11.863454431295395
R_eye_inner 421.4263916015625 -175.01948833465576 -11.51195913553238
R_eye 422.18578338623047 -174.91549015045166 -11.513392627239227
R_eye_outer 422.9561996459961 -174.83465194702148 -11.50718554854393
L_ear 412.17227935791016 -175.0777244567871 -4.898720979690552
R_ear 422.9616165161133 -175.96715927124023 -3.0886659398674965
L_mouth 417.75360107421875 -179.98784065246582 -12.266053259372711
R_mouth 420.8176040649414 -180.58346271514893 -11.68116107583046
L_Shoulder 388.37135314941406 -191.81317806243896 -2.886841259896755
R_Shoulder 433.07769775390625 -191.42018795013428 1.8670400604605675
L_Elbow 364.8286437988281 -197.919602394104 -10.680864751338959
R_Elbow 453.8978958129883 -192.90626049041748 -2.250523678958416
L_Wrist 0.0 0.0 0.0
R_Wrist 471.6724395751953 -191.88966751098633 -13.747940957546234
L_pinky 0.0 0.0 0.0
R_pinky 0.0 0.0 0.0
L_index 0.0 0.0 0.0
R_index 477.77748107910156 -192.27192878723145 -15.106230974197388
L_thumb 0.0 0.0 0.0
R_thumb 0.0 0.0 0.0
L_Hip 398.2808303833008 -262.23907470703125 -2.206462249159813
R_Hip 423.0866241455078 -261.25036239624023 2.2444605827331543
nose 418.1639862060547 -177.5471591949463 -13.519784808158875
L_eye_inner 416.4468002319336 -173.8741636276245 -11.059029400348663
L_eye 415.1150894165039 -173.526349067688 -11.058386415243149
L_eye_outer 413.71978759765625 -173.27356338500977 -11.0597625374794
R_eye_inner 419.6508026123047 -174.30996894836426 -10.775230824947357
R_eye 420.58998107910156 -174.2393159866333 -10.776478052139282
R_eye_outer 421.57073974609375 -174.19851779937744 -10.769923776388168
L_ear 410.5912780761719 -174.78339672088623 -3.2923098653554916
R_ear 422.6708984375 -175.63636779785156 -2.136828750371933
L_mouth 415.9436798095703 -179.58613872528076 -11.503847688436508
R_mouth 419.4862365722656 -180.16961574554443 -11.062973737716675
L_Shoulder 388.3775329589844 -191.7427682876587 -0.8371871896088123
R_Shoulder 433.1471633911133 -191.41944408416748 2.4236973375082016
L_Elbow 367.13573455810547 -197.9473114013672 -6.309928745031357
R_Elbow 454.7815704345703 -193.52821826934814 -0.3073067869991064
L_Wrist 0.0 0.0 0.0
R_Wrist 472.7459716796875 -192.82519340515137 -9.141624718904495
L_pinky 0.0 0.0 0.0
R_pinky 480.3894805908203 -193.82951259613037 -9.508975595235825
L_index 0.0 0.0 0.0
R_index 479.23301696777344 -193.12339782714844 -9.630739688873291
L_thumb 0.0 0.0 0.0
R_thumb 0.0 0.0 0.0
L_Hip 398.31993103027344 -262.294921875 -1.8675651401281357
R_Hip 423.1699752807617 -261.28661155700684 1.9000222906470299
nose 417.32452392578125 -177.02921390533447 -13.251689076423645
L_eye_inner 415.63392639160156 -173.18289756774902 -10.692845284938812
L_eye 414.3172073364258 -172.86738395690918 -10.691927373409271
L_eye_outer 412.90843963623047 -172.65339374542236 -10.693182051181793
R_eye_inner 418.9244842529297 -173.64399433135986 -10.487445443868637
R_eye 419.9366760253906 -173.60321044921875 -10.487701743841171
R_eye_outer 420.99536895751953 -173.59312534332275 -10.48031896352768
L_ear 410.0139617919922 -174.47562217712402 -2.937018498778343
R_ear 422.4813461303711 -175.29994010925293 -1.8759878352284431
L_mouth 415.23216247558594 -179.2620849609375 -11.111078411340714
R_mouth 418.8916778564453 -179.82886791229248 -10.759474337100983
L_Shoulder 388.3751678466797 -191.73316955566406 -0.7019837852567434
R_Shoulder 433.14388275146484 -191.41905784606934 2.6316627860069275
L_Elbow 367.7279281616211 -197.8367042541504 -6.3683681190013885
R_Elbow 454.8188018798828 -193.80828380584717 0.4176679067313671
L_Wrist 0.0 0.0 0.0
R_Wrist 473.29383850097656 -193.02433490753174 -7.747815549373627
L_pinky 0.0 0.0 0.0
R_pinky 481.44893646240234 -194.08751964569092 -8.056788146495819
L_index 0.0 0.0 0.0
R_index 480.4410171508789 -193.2282257080078 -8.171160519123077
L_thumb 0.0 0.0 0.0
R_thumb 0.0 0.0 0.0
L_Hip 398.3251953125 -262.2773265838623 -1.8140431493520737
R_Hip 423.1739044189453 -261.27373695373535 1.844777725636959
nose 416.56402587890625 -176.4902687072754 -13.572515547275543
L_eye_inner 414.88487243652344 -172.5142478942871 -10.852259397506714
L_eye 413.55445861816406 -172.217059135437 -10.850588232278824
L_eye_outer 412.12669372558594 -172.0207643508911 -10.851241648197174
R_eye_inner 418.20823669433594 -172.96737670898438 -10.756299644708633
R_eye 419.2451858520508 -172.9383087158203 -10.755767673254013
R_eye_outer 420.3342819213867 -172.94809341430664 -10.747621208429337
L_ear 409.34757232666016 -174.05970096588135 -3.2724417746067047
R_ear 422.1297836303711 -174.8745059967041 -2.0595740526914597
L_mouth 414.4734573364258 -178.884916305542 -11.228865385055542
R_mouth 418.2088851928711 -179.41599369049072 -10.999979823827744
L_Shoulder 388.39561462402344 -191.67254447937012 -0.9567713364958763
R_Shoulder 433.1641387939453 -191.42256259918213 2.4564918130636215
L_Elbow 368.27491760253906 -197.58954048156738 -5.711749941110611
R_Elbow 455.5003356933594 -193.9989137649536 1.7683809623122215
L_Wrist 0.0 0.0 0.0
R_Wrist 475.18795013427734 -193.28763484954834 -4.190076142549515
L_pinky 0.0 0.0 0.0
R_pinky 483.7721633911133 -194.32504177093506 -4.176779463887215
L_index 0.0 0.0 0.0
R_index 482.2789001464844 -193.28843593597412 -4.420016705989838
L_thumb 0.0 0.0 0.0
R_thumb 0.0 0.0 0.0
L_Hip 398.35079193115234 -262.10022926330566 -1.6178365796804428
R_Hip 423.20213317871094 -261.13354682922363 1.650707796216011
nose 413.83724212646484 -175.68632125854492 -13.656523823738098
L_eye_inner 411.9135284423828 -171.7527151107788 -10.788995027542114
L_eye 410.4637908935547 -171.55221462249756 -10.786690562963486
L_eye_outer 408.94142150878906 -171.4495325088501 -10.786549001932144
R_eye_inner 415.69129943847656 -172.03725814819336 -10.751523077487946
R_eye 416.81697845458984 -171.99216842651367 -10.751329362392426
R_eye_outer 417.9985809326172 -172.00512886047363 -10.74344664812088
L_ear 406.7176055908203 -173.73300075531006 -2.325298637151718
R_ear 420.7200241088867 -174.08204555511475 -1.800268515944481
L_mouth 411.7401885986328 -178.3573865890503 -11.189234256744385
R_mouth 415.94173431396484 -178.72591495513916 -11.043032258749008
L_Shoulder 388.2143783569336 -191.66172981262207 0.2875031903386116
R_Shoulder 433.1526565551758 -191.4032506942749 2.869305945932865
L_Elbow 368.61289978027344 -197.20703601837158 -3.68829146027565
R_Elbow 457.10845947265625 -194.73947525024414 3.4084368497133255
L_Wrist 0.0 0.0 0.0
R_Wrist 477.8725814819336 -195.5424928665161 -0.4487373400479555
L_pinky 0.0 0.0 0.0
R_pinky 484.98531341552734 -196.44752025604248 -0.1181063475087285
L_index 0.0 0.0 0.0
R_index 484.3960952758789 -195.0375509262085 -0.38426793180406094
L_thumb 0.0 0.0 0.0
R_thumb 0.0 0.0 0.0
L_Hip 398.3675003051758 -262.07133293151855 -1.3622341677546501
R_Hip 423.2191848754883 -261.11949920654297 1.3883240520954132
nose 411.6692352294922 -175.57321071624756 -13.366030156612396
L_eye_inner 409.6985626220703 -171.71329021453857 -10.563516616821289
L_eye 408.2047653198242 -171.55065536499023 -10.562024265527725
L_eye_outer 406.6396713256836 -171.4945936203003 -10.562260448932648
R_eye_inner 413.6697006225586 -171.8687868118286 -10.628427565097809
R_eye 414.8870086669922 -171.784987449646 -10.628204047679901
R_eye_outer 416.06258392333984 -171.76122665405273 -10.620733350515366
L_ear 404.75521087646484 -173.93856525421143 -2.0934725180268288
R_ear 419.1769027709961 -173.9033603668213 -2.0667344331741333
L_mouth 409.4554901123047 -178.3482027053833 -10.971055179834366
R_mouth 413.8207244873047 -178.62104415893555 -10.976193845272064
L_Shoulder 388.14369201660156 -191.8235206604004 0.5840011406689882
R_Shoulder 433.01963806152344 -191.40084743499756 2.30860635638237
L_Elbow 368.43128204345703 -196.9590711593628 -5.765228718519211
R_Elbow 457.22145080566406 -194.96729850769043 0.31712534837424755
L_Wrist 0.0 0.0 0.0
R_Wrist 477.20149993896484 -195.45926570892334 -6.297184526920319
L_pinky 0.0 0.0 0.0
R_pinky 485.8751678466797 -196.42507553100586 -6.513484567403793
L_index 0.0 0.0 0.0
R_index 484.9907684326172 -195.11748790740967 -6.5782226622104645
L_thumb 0.0 0.0 0.0
R_thumb 0.0 0.0 0.0
L_Hip 398.3597946166992 -262.1040344238281 -1.2340224348008633
R_Hip 423.1732177734375 -261.12951278686523 1.2635262683033943
nose 410.6001663208008 -175.47081470489502 -14.584751427173615
L_eye_inner 408.58829498291016 -171.7032766342163 -11.766709387302399
L_eye 407.0641326904297 -171.57171249389648 -11.764717102050781
L_eye_outer 405.51456451416016 -171.53313159942627 -11.766435950994492
R_eye_inner 412.5434875488281 -171.7589807510376 -11.76769956946373
R_eye 413.77479553222656 -171.65890216827393 -11.76718920469284
R_eye_outer 414.96246337890625 -171.62226676940918 -11.758974939584732
L_ear 403.71089935302734 -173.92889499664307 -3.148411586880684
R_ear 417.99137115478516 -173.78904819488525 -2.9795899987220764
L_mouth 408.2696533203125 -178.31110954284668 -12.111582607030869
R_mouth 412.65628814697266 -178.54308128356934 -12.034447491168976
L_Shoulder 387.8362274169922 -191.7749261856079 -0.26481037493795156
R_Shoulder 432.12032318115234 -191.333270072937 1.490568369626999
L_Elbow 365.87913513183594 -196.96203231811523 -2.380526438355446
R_Elbow 455.6385803222656 -195.1142978668213 -1.9085755571722984
L_Wrist 0.0 0.0 0.0
R_Wrist 475.04737854003906 -195.33963203430176 -11.351684480905533
L_pinky 0.0 0.0 0.0
R_pinky 483.16471099853516 -196.25006675720215 -11.793943494558334
L_index 0.0 0.0 0.0
R_index 482.43717193603516 -195.09215354919434 -11.875684559345245
L_thumb 0.0 0.0 0.0
R_thumb 0.0 0.0 0.0
L_Hip 398.21910858154297 -262.0815181732178 -1.0180583223700523
R_Hip 422.92686462402344 -261.13646507263184 1.0485963895916939
nose 410.33313751220703 -175.5035161972046 -14.646023511886597
L_eye_inner 408.3942413330078 -171.77491664886475 -11.81073784828186
L_eye 406.88995361328125 -171.64556980133057 -11.808495223522186
L_eye_outer 405.35778045654297 -171.60547256469727 -11.810281127691269
R_eye_inner 412.22965240478516 -171.78601741790771 -11.818212270736694
R_eye 413.42185974121094 -171.67173385620117 -11.817669868469238
R_eye_outer 414.5807647705078 -171.62585735321045 -11.80923581123352
L_ear 403.58009338378906 -173.9473056793213 -3.1441476196050644
R_ear 417.48573303222656 -173.7703800201416 -3.010464645922184
L_mouth 408.00830841064453 -178.33704471588135 -12.165728956460953
R_mouth 412.24464416503906 -178.5450553894043 -12.096009403467178
L_Shoulder 387.80101776123047 -191.73883438110352 -0.2624558284878731
R_Shoulder 432.01011657714844 -191.30736351013184 1.5116654336452484
L_Elbow 366.01051330566406 -196.95669651031494 -2.9428254812955856
R_Elbow 454.96204376220703 -195.19965648651123 -2.3730088025331497
L_Wrist 0.0 0.0 0.0
R_Wrist 474.0504837036133 -195.33825874328613 -12.730494141578674
L_pinky 0.0 0.0 0.0
R_pinky 481.0533905029297 -196.13533973693848 -13.297407329082489
L_index 0.0 0.0 0.0
R_index 480.1866149902344 -195.0708818435669 -13.357408344745636
L_thumb 0.0 0.0 0.0
R_thumb 476.86607360839844 -195.03843784332275 -13.12548816204071
L_Hip 398.0359649658203 -261.9923973083496 -1.09036136418581
R_Hip 422.7520751953125 -261.0976982116699 1.1260824277997017
nose 409.21058654785156 -175.67537784576416 -15.286210179328918
L_eye_inner 407.1311950683594 -172.01687335968018 -12.393829971551895
L_eye 405.6018829345703 -171.8838357925415 -12.391404807567596
L_eye_outer 404.1015625 -171.8384027481079 -12.392961978912354
R_eye_inner 411.1400604248047 -171.95699214935303 -12.363521754741669
R_eye 412.37281799316406 -171.80020809173584 -12.363778054714203
R_eye_outer 413.58631134033203 -171.72190189361572 -12.355373054742813
L_ear 402.4934768676758 -174.11540508270264 -3.482712432742119
R_ear 416.5011978149414 -173.80624294281006 -3.2247770577669144
L_mouth 406.785888671875 -178.471097946167 -12.725459039211273
R_mouth 411.19659423828125 -178.60882759094238 -12.614060938358307
L_Shoulder 387.1504592895508 -191.69557571411133 -0.20688108634203672
R_Shoulder 430.81268310546875 -191.21954441070557 1.6466246917843819
L_Elbow 365.05435943603516 -197.04115390777588 -4.26250547170639
R_Elbow 454.45384979248047 -195.16253471374512 -1.18354931473732
L_Wrist 357.8459167480469 -196.95034503936768 -11.123315244913101
R_Wrist 473.558349609375 -195.91516971588135 -9.551523625850677
L_pinky 0.0 0.0 0.0
R_pinky 480.39424896240234 -196.86068058013916 -9.848056733608246
L_index 0.0 0.0 0.0
R_index 479.10411834716797 -196.06457233428955 -9.962686151266098
L_thumb 0.0 0.0 0.0
R_thumb 476.20994567871094 -195.9654664993286 -9.94129553437233
L_Hip 397.6992416381836 -261.96764945983887 -0.9696120396256447
R_Hip 422.34203338623047 -260.9974193572998 1.0050158016383648
nose 408.37196350097656 -175.58745861053467 -17.75609850883484
L_eye_inner 406.24786376953125 -171.97617530822754 -14.638976752758026
L_eye 404.71534729003906 -171.85479640960693 -14.636361598968506
L_eye_outer 403.2091522216797 -171.81939125061035 -14.637744426727295
R_eye_inner 410.4315185546875 -171.90261840820312 -14.596039056777954
R_eye 411.6857147216797 -171.7428159713745 -14.597517251968384
R_eye_outer 412.8949737548828 -171.65667057037354 -14.59016501903534
L_ear 401.83807373046875 -174.12096977233887 -4.917764291167259
R_ear 415.7884979248047 -173.75081062316895 -4.709670692682266
L_mouth 405.9475326538086 -178.38738441467285 -14.96000736951828
R_mouth 410.50193786621094 -178.4725856781006 -14.862450957298279
L_Shoulder 387.08763122558594 -191.31035327911377 -0.12285403208807111
R_Shoulder 430.3086853027344 -190.95713138580322 1.1489429511129856
L_Elbow 364.2992401123047 -197.14375019073486 0.2462419681251049
R_Elbow 453.89732360839844 -195.13994693756104 -0.3251630114391446
L_Wrist 363.9569854736328 -198.63477230072021 -1.8721509724855423
R_Wrist 462.2160339355469 -196.72442436218262 -6.9076210260391235
L_pinky 0.0 0.0 0.0
R_pinky 466.5550994873047 -198.6999750137329 -7.257647812366486
L_index 0.0 0.0 0.0
R_index 465.93799591064453 -198.6653995513916 -7.509136945009232
L_thumb 0.0 0.0 0.0
R_thumb 464.0357208251953 -198.32818508148193 -7.307863235473633
L_Hip 397.42313385009766 -261.7222595214844 -0.9462596848607063
R_Hip 422.02842712402344 -260.7652759552002 0.9819107130169868
nose 408.24928283691406 -175.5039882659912 -17.773160338401794
L_eye_inner 406.05220794677734 -171.9482660293579 -14.810678362846375
L_eye 404.50267791748047 -171.83785915374756 -14.81066644191742
L_eye_outer 402.9808044433594 -171.81129455566406 -14.811599254608154
R_eye_inner 410.2861022949219 -171.86420917510986 -14.825579524040222
R_eye 411.5439224243164 -171.70751094818115 -14.82790857553482
R_eye_outer 412.7566909790039 -171.62389755249023 -14.822295308113098
L_ear 401.5709686279297 -174.11643505096436 -5.411485955119133
R_ear 415.66078186035156 -173.711256980896 -5.514239147305489
L_mouth 405.7408142089844 -178.29561710357666 -15.098285675048828
R_mouth 410.4448699951172 -178.3699893951416 -15.075500309467316
L_Shoulder 386.7882537841797 -191.3287353515625 -1.27859590575099
R_Shoulder 430.2513122558594 -190.9472894668579 0.46815150417387486
L_Elbow 362.9266357421875 -197.2163200378418 -7.8775204718112946
R_Elbow 453.9444351196289 -195.20121574401855 -5.071648210287094
L_Wrist 369.91294860839844 -198.6992597579956 -20.15756070613861
R_Wrist 458.83235931396484 -197.13616847991943 -18.42242032289505
L_pinky 0.0 0.0 0.0
R_pinky 461.6621780395508 -199.10622596740723 -20.096871256828308
L_index 0.0 0.0 0.0
R_index 460.97171783447266 -199.38476085662842 -20.32676488161087
L_thumb 0.0 0.0 0.0
R_thumb 0.0 0.0 0.0
L_Hip 397.0679473876953 -261.7524719238281 -1.022588461637497
R_Hip 421.47621154785156 -260.77528953552246 1.0621784254908562
nose 407.95177459716797 -175.51544666290283 -17.44169592857361
L_eye_inner 405.81398010253906 -171.97086811065674 -14.515534043312073
L_eye 404.2977523803711 -171.86345100402832 -14.516451954841614
L_eye_outer 402.7964401245117 -171.8415641784668 -14.51723426580429
R_eye_inner 409.9713897705078 -171.89143180847168 -14.570577442646027
R_eye 411.2029266357422 -171.73736572265625 -14.574047923088074
R_eye_outer 412.3973083496094 -171.65863037109375 -14.569543302059174
L_ear 401.3692092895508 -174.14434432983398 -5.283987522125244
R_ear 415.24784088134766 -173.76155376434326 -5.596231296658516
L_mouth 405.3818893432617 -178.29771995544434 -14.833107590675354
R_mouth 410.0090789794922 -178.37485313415527 -14.869941771030426
L_Shoulder 386.14574432373047 -191.50784969329834 -1.244920864701271
R_Shoulder 430.0955581665039 -191.01309299468994 0.043448671931400895
L_Elbow 360.94676971435547 -197.26952075958252 -9.287740290164948
R_Elbow 454.02164459228516 -195.23261547088623 -6.125339865684509
L_Wrist 373.52725982666016 -198.6350154876709 -23.140184581279755
R_Wrist 454.14588928222656 -197.10034847259521 -19.745275378227234
L_pinky 0.0 0.0 0.0
R_pinky 0.0 0.0 0.0
L_index 0.0 0.0 0.0
R_index 0.0 0.0 0.0
L_thumb 0.0 0.0 0.0
R_thumb 0.0 0.0 0.0
L_Hip 396.58653259277344 -262.2051429748535 -0.9762736037373543
R_Hip 421.2041473388672 -261.01049423217773 1.0167799890041351
nose 407.81166076660156 -175.476393699646 -17.600682377815247
L_eye_inner 405.6861114501953 -171.93089962005615 -14.714713394641876
L_eye 404.16893005371094 -171.82494163513184 -14.716151356697083
L_eye_outer 402.66639709472656 -171.80654525756836 -14.717355370521545
R_eye_inner 409.85408782958984 -171.85903072357178 -14.787863194942474
R_eye 411.08795166015625 -171.70711040496826 -14.791867136955261
R_eye_outer 412.2888946533203 -171.63246631622314 -14.787551760673523
L_ear 401.2525177001953 -174.11127090454102 -5.558304116129875
R_ear 415.1811981201172 -173.7493085861206 -5.969588086009026
L_mouth 405.23033142089844 -178.25141429901123 -15.011553466320038
R_mouth 409.8914337158203 -178.3402919769287 -15.080821514129639
L_Shoulder 385.6013488769531 -191.55954837799072 -1.3332687318325043
R_Shoulder 429.9449157714844 -191.00428104400635 -0.349735957570374
L_Elbow 359.6807098388672 -197.29604244232178 -9.02911201119423
R_Elbow 454.9449920654297 -195.46919345855713 -6.659989804029465
L_Wrist 0.0 0.0 0.0
R_Wrist 452.0511245727539 -197.05771923065186 -20.489533245563507
L_pinky 0.0 0.0 0.0
R_pinky 0.0 0.0 0.0
L_index 0.0 0.0 0.0
R_index 0.0 0.0 0.0
L_thumb 0.0 0.0 0.0
R_thumb 0.0 0.0 0.0
L_Hip 396.3728713989258 -262.2992134094238 -0.9753742255270481
R_Hip 421.01524353027344 -261.0998725891113 1.0161262936890125
nose 406.95350646972656 -175.31134128570557 -17.62334555387497
L_eye_inner 404.91039276123047 -171.74928188323975 -14.7272989153862
L_eye 403.4207534790039 -171.67026042938232 -14.726589620113373
L_eye_outer 401.95030212402344 -171.67011737823486 -14.727726578712463
R_eye_inner 409.1690444946289 -171.6487169265747 -14.700011909008026
R_eye 410.44212341308594 -171.49981498718262 -14.70327377319336
R_eye_outer 411.67903900146484 -171.4337968826294 -14.697957038879395
L_ear 400.7377243041992 -174.039044380188 -5.585629865527153
R_ear 414.76524353027344 -173.68188858032227 -5.695528909564018
L_mouth 404.4046401977539 -178.1749963760376 -15.019825100898743
R_mouth 409.12445068359375 -178.2608985900879 -14.95521366596222
L_Shoulder 384.98645782470703 -191.75857543945312 -1.3682177290320396
R_Shoulder 429.27955627441406 -190.86371898651123 -0.03766687004826963
L_Elbow 358.9540481567383 -197.42510318756104 -8.736120164394379
R_Elbow 456.08150482177734 -195.8122730255127 -6.373690068721771
L_Wrist 0.0 0.0 0.0
R_Wrist 446.9785690307617 -196.96104526519775 -20.340995490550995
L_pinky 0.0 0.0 0.0
R_pinky 0.0 0.0 0.0
L_index 0.0 0.0 0.0
R_index 0.0 0.0 0.0
L_thumb 0.0 0.0 0.0
R_thumb 0.0 0.0 0.0
L_Hip 395.6322479248047 -262.5175952911377 -1.0500486940145493
R_Hip 420.38562774658203 -261.35501861572266 1.0928470641374588
nose 407.0716857910156 -175.09788036346436 -14.190813899040222
L_eye_inner 405.04100799560547 -171.4006519317627 -11.4302359521389
L_eye 403.52500915527344 -171.30364894866943 -11.431875079870224
L_eye_outer 401.99974060058594 -171.2902307510376 -11.434684693813324
R_eye_inner 409.2571258544922 -171.4025115966797 -11.514364182949066
R_eye 410.51918029785156 -171.2953519821167 -11.516600847244263
R_eye_outer 411.75609588623047 -171.26309394836426 -11.513589322566986
L_ear 400.5515670776367 -173.95601749420166 -2.7532000094652176
R_ear 414.81861114501953 -173.67846965789795 -3.1729474663734436
L_mouth 404.50042724609375 -178.06227207183838 -11.747556924819946
R_mouth 409.21173095703125 -178.16712856292725 -11.840324103832245
L_Shoulder 384.4017791748047 -192.64994144439697 0.5538537167012691
R_Shoulder 428.99669647216797 -190.93987941741943 1.6893060877919197
L_Elbow 360.31959533691406 -197.36177444458008 -7.401193678379059
R_Elbow 457.58758544921875 -196.78120136260986 -5.948692560195923
L_Wrist 0.0 0.0 0.0
R_Wrist 0.0 0.0 0.0
L_pinky 0.0 0.0 0.0
R_pinky 0.0 0.0 0.0
L_index 0.0 0.0 0.0
R_index 0.0 0.0 0.0
L_thumb 0.0 0.0 0.0
R_thumb 0.0 0.0 0.0
L_Hip 395.44944763183594 -262.6765537261963 -1.5441474504768848
R_Hip 419.91600036621094 -261.637659072876 1.5863977372646332
nose 407.10620880126953 -175.07987022399902 -14.362913370132446
L_eye_inner 405.0542449951172 -171.3506841659546 -11.634238064289093
L_eye 403.5271453857422 -171.25242233276367 -11.636175215244293
L_eye_outer 401.98524475097656 -171.23780250549316 -11.638524383306503
R_eye_inner 409.2841339111328 -171.37410163879395 -11.697925627231598
R_eye 410.5554962158203 -171.27715587615967 -11.700286716222763
R_eye_outer 411.7998504638672 -171.24947547912598 -11.697323620319366
L_ear 400.43819427490234 -173.94827842712402 -3.051961585879326
R_ear 414.86339569091797 -173.6793565750122 -3.3753540366888046
L_mouth 404.50469970703125 -178.0532741546631 -11.96809783577919
R_mouth 409.2432403564453 -178.16162109375 -12.029656022787094
L_Shoulder 383.8911819458008 -192.95918941497803 0.3471166593953967
R_Shoulder 428.4209442138672 -190.98976135253906 1.5216718427836895
L_Elbow 360.9730529785156 -197.71565437316895 -8.30438956618309
R_Elbow 457.33715057373047 -197.3744773864746 -6.2561675906181335
L_Wrist 0.0 0.0 0.0
R_Wrist 0.0 0.0 0.0
L_pinky 0.0 0.0 0.0
R_pinky 0.0 0.0 0.0
L_index 0.0 0.0 0.0
R_index 0.0 0.0 0.0
L_thumb 0.0 0.0 0.0
R_thumb 0.0 0.0 0.0
L_Hip 395.20511627197266 -262.83605575561523 -1.655680313706398
R_Hip 419.62379455566406 -261.79049491882324 1.697205938398838
nose 407.1282196044922 -175.0829029083252 -14.235836267471313
L_eye_inner 405.0686264038086 -171.35075569152832 -11.507631838321686
L_eye 403.5515594482422 -171.25187873840332 -11.509522050619125
L_eye_outer 402.0145797729492 -171.23718738555908 -11.511725187301636
R_eye_inner 409.29420471191406 -171.37546062469482 -11.581071466207504
R_eye 410.56640625 -171.28003120422363 -11.58340722322464
R_eye_outer 411.8148422241211 -171.25306606292725 -11.580637842416763
L_ear 400.44384002685547 -173.9491081237793 -2.9839087277650833
R_ear 414.8787307739258 -173.691086769104 -3.3351045101881027
L_mouth 404.537353515625 -178.05447578430176 -11.867912113666534
R_mouth 409.2491912841797 -178.16614151000977 -11.938317865133286
L_Shoulder 383.6440658569336 -193.15804481506348 0.1945539377629757
R_Shoulder 428.21441650390625 -191.05675220489502 1.4626857824623585
L_Elbow 361.0638427734375 -197.94103145599365 -8.50718468427658
R_Elbow 457.3065185546875 -197.60368824005127 -6.952166557312012
L_Wrist 0.0 0.0 0.0
R_Wrist 0.0 0.0 0.0
L_pinky 0.0 0.0 0.0
R_pinky 0.0 0.0 0.0
L_index 0.0 0.0 0.0
R_index 0.0 0.0 0.0
L_thumb 0.0 0.0 0.0
R_thumb 0.0 0.0 0.0
L_Hip 395.11009216308594 -262.886438369751 -1.6237486153841019
R_Hip 419.6049118041992 -261.84213638305664 1.6649147495627403
nose 407.15118408203125 -175.14817714691162 -14.682777225971222
L_eye_inner 405.0941467285156 -171.38518810272217 -12.098848819732666
L_eye 403.5784912109375 -171.27840042114258 -12.101618945598602
L_eye_outer 402.0366668701172 -171.260347366333 -12.103880941867828
R_eye_inner 409.3082046508789 -171.44539833068848 -12.159085273742676
R_eye 410.58013916015625 -171.3621997833252 -12.161199748516083
R_eye_outer 411.8314743041992 -171.34284496307373 -12.158699333667755
L_ear 400.4428482055664 -173.96411418914795 -3.7643134593963623
R_ear 414.89124298095703 -173.78311157226562 -4.081111773848534
L_mouth 404.55894470214844 -178.0931568145752 -12.400537729263306
R_mouth 409.27249908447266 -178.21811199188232 -12.463172525167465
L_Shoulder 383.66031646728516 -193.1886863708496 -0.8261769078671932
R_Shoulder 428.0720520019531 -191.13189697265625 0.9983135387301445
L_Elbow 361.1478042602539 -198.0291509628296 -8.961009979248047
R_Elbow 457.2730255126953 -198.04480075836182 -6.871430575847626
L_Wrist 0.0 0.0 0.0
R_Wrist 0.0 0.0 0.0
L_pinky 0.0 0.0 0.0
R_pinky 0.0 0.0 0.0
L_index 0.0 0.0 0.0
R_index 0.0 0.0 0.0
L_thumb 0.0 0.0 0.0
R_thumb 0.0 0.0 0.0
L_Hip 394.91905212402344 -262.84589767456055 -1.783614233136177
R_Hip 419.47330474853516 -261.81246757507324 1.8256369978189468
nose 407.01698303222656 -175.12455940246582 -14.136642217636108
L_eye_inner 404.98634338378906 -171.3632297515869 -11.433861404657364
L_eye 403.4505844116211 -171.2583589553833 -11.43590658903122
L_eye_outer 401.89735412597656 -171.2430238723755 -11.438238620758057
R_eye_inner 409.188232421875 -171.4396333694458 -11.533324420452118
R_eye 410.46485900878906 -171.36199951171875 -11.535938084125519
R_eye_outer 411.7070770263672 -171.34440422058105 -11.53285726904869
L_ear 400.2821350097656 -173.94551753997803 -3.0633220449090004
R_ear 414.7352600097656 -173.78637313842773 -3.569122403860092
L_mouth 404.3946075439453 -178.07318687438965 -11.806122958660126
R_mouth 409.1183853149414 -178.21466445922852 -11.92018836736679
L_Shoulder 383.4984588623047 -193.18114757537842 -0.12957118451595306
R_Shoulder 427.9645538330078 -191.18947505950928 1.2023323215544224
L_Elbow 361.24488830566406 -198.2268190383911 -8.064160495996475
R_Elbow 457.15381622314453 -198.38224411010742 -6.4117588102817535
L_Wrist 0.0 0.0 0.0
R_Wrist 0.0 0.0 0.0
L_pinky 0.0 0.0 0.0
R_pinky 0.0 0.0 0.0
L_index 0.0 0.0 0.0
R_index 0.0 0.0 0.0
L_thumb 0.0 0.0 0.0
R_thumb 0.0 0.0 0.0
L_Hip 394.7633361816406 -262.7845573425293 -1.6274746507406235
R_Hip 419.2887878417969 -261.74028396606445 1.6646390780806541
nose 407.05909729003906 -174.9311399459839 -14.516708254814148
L_eye_inner 405.0662612915039 -171.1645746231079 -11.92520260810852
L_eye 403.5338592529297 -171.0655689239502 -11.927851289510727
L_eye_outer 401.96571350097656 -171.05388164520264 -11.929845809936523
R_eye_inner 409.20005798339844 -171.30958557128906 -11.981610208749771
R_eye 410.47767639160156 -171.2695598602295 -11.983325332403183
R_eye_outer 411.7201232910156 -171.2779140472412 -11.979977786540985
L_ear 400.28167724609375 -173.8401746749878 -3.644143044948578
R_ear 414.7565460205078 -173.77617359161377 -3.9435140788555145
L_mouth 404.49756622314453 -177.92352676391602 -12.217710167169571
R_mouth 409.20936584472656 -178.1401491165161 -12.262344360351562
L_Shoulder 383.4801483154297 -193.21515083312988 -0.8690998889505863
R_Shoulder 427.8655242919922 -191.31052494049072 0.7883710786700249
L_Elbow 361.56272888183594 -198.22955131530762 -9.532137215137482
R_Elbow 456.1782455444336 -198.44375610351562 -6.932977586984634
L_Wrist 0.0 0.0 0.0
R_Wrist 0.0 0.0 0.0
L_pinky 0.0 0.0 0.0
R_pinky 0.0 0.0 0.0
L_index 0.0 0.0 0.0
R_index 0.0 0.0 0.0
L_thumb 0.0 0.0 0.0
R_thumb 0.0 0.0 0.0
L_Hip 394.75067138671875 -262.756404876709 -1.6179416328668594
R_Hip 419.16229248046875 -261.72815322875977 1.6555747017264366
nose 406.9973373413086 -174.91654872894287 -14.402459561824799
L_eye_inner 405.04310607910156 -171.12898349761963 -11.78453117609024
L_eye 403.5209655761719 -171.02893352508545 -11.787118017673492
L_eye_outer 401.9573974609375 -171.01678848266602 -11.789097636938095
R_eye_inner 409.1488265991211 -171.2953233718872 -11.864769458770752
R_eye 410.4273986816406 -171.26393795013428 -11.866506189107895
R_eye_outer 411.66717529296875 -171.27694129943848 -11.863317340612411
L_ear 400.27320861816406 -173.81865978240967 -3.552800789475441
R_ear 414.69505310058594 -173.77830505371094 -3.925081342458725
L_mouth 404.4677734375 -177.917160987854 -12.108387798070908
R_mouth 409.1521453857422 -178.14056396484375 -12.178856134414673
L_Shoulder 383.44287872314453 -193.2158374786377 -0.8229672908782959
R_Shoulder 427.70069122314453 -191.35112285614014 0.7792146410793066
L_Elbow 361.5880584716797 -197.97297477722168 -9.507466852664948
R_Elbow 455.5173110961914 -198.48751544952393 -7.196112722158432
L_Wrist 0.0 0.0 0.0
R_Wrist 0.0 0.0 0.0
L_pinky 0.0 0.0 0.0
R_pinky 0.0 0.0 0.0
L_index 0.0 0.0 0.0
R_index 0.0 0.0 0.0
L_thumb 0.0 0.0 0.0
R_thumb 0.0 0.0 0.0
L_Hip 394.7466278076172 -262.7600955963135 -1.6146998852491379
R_Hip 419.0967559814453 -261.7364501953125 1.6530554741621017
nose 406.92867279052734 -174.88019943237305 -14.558888971805573
L_eye_inner 404.9949264526367 -171.10158920288086 -11.959882080554962
L_eye 403.4743881225586 -171.0050868988037 -11.962908506393433
L_eye_outer 401.91368103027344 -170.99485874176025 -11.964676529169083
R_eye_inner 409.0996551513672 -171.27305030822754 -12.02462762594223
R_eye 410.3850555419922 -171.25011920928955 -12.025932222604752
R_eye_outer 411.6291046142578 -171.26943111419678 -12.0225191116333
L_ear 400.23048400878906 -173.80853176116943 -3.709007054567337
R_ear 414.67430114746094 -173.77850532531738 -4.01771180331707
L_mouth 404.4249725341797 -177.9039430618286 -12.271932512521744
R_mouth 409.11800384521484 -178.13239574432373 -12.31662631034851
L_Shoulder 383.3876037597656 -193.22569370269775 -0.9967200458049774
R_Shoulder 427.49839782714844 -191.3695764541626 0.6219989620149136
L_Elbow 361.8024444580078 -198.22484493255615 -10.046838223934174
R_Elbow 454.5576858520508 -198.79076957702637 -7.415790110826492
L_Wrist 0.0 0.0 0.0
R_Wrist 0.0 0.0 0.0
L_pinky 0.0 0.0 0.0
R_pinky 0.0 0.0 0.0
L_index 0.0 0.0 0.0
R_index 0.0 0.0 0.0
L_thumb 0.0 0.0 0.0
R_thumb 0.0 0.0 0.0
L_Hip 394.74803924560547 -262.75952339172363 -1.6073327511548996
R_Hip 419.1020965576172 -261.7129898071289 1.645953580737114
nose 406.86439514160156 -174.8344373703003 -14.936268329620361
L_eye_inner 404.96376037597656 -171.05146408081055 -12.272436916828156
L_eye 403.4371566772461 -170.95094203948975 -12.275411188602448
L_eye_outer 401.87034606933594 -170.93573570251465 -12.276987731456757
R_eye_inner 409.08607482910156 -171.24564170837402 -12.354715168476105
R_eye 410.37670135498047 -171.23155117034912 -12.355979532003403
R_eye_outer 411.62261962890625 -171.25787258148193 -12.352045625448227
L_ear 400.2067184448242 -173.7632131576538 -3.823382779955864
R_ear 414.66880798339844 -173.77962112426758 -4.198098927736282
L_mouth 404.37049865722656 -177.85171508789062 -12.565058469772339
R_mouth 409.10099029541016 -178.10059547424316 -12.632302939891815
L_Shoulder 383.3898162841797 -193.0470085144043 -0.9777603670954704
R_Shoulder 427.44693756103516 -191.3627815246582 0.5575265735387802
L_Elbow 361.7911911010742 -198.13180446624756 -9.67998281121254
R_Elbow 454.53460693359375 -199.0548276901245 -7.210935652256012
L_Wrist 0.0 0.0 0.0
R_Wrist 0.0 0.0 0.0
L_pinky 0.0 0.0 0.0
R_pinky 0.0 0.0 0.0
L_index 0.0 0.0 0.0
R_index 0.0 0.0 0.0
L_thumb 0.0 0.0 0.0
R_thumb 0.0 0.0 0.0
L_Hip 394.73201751708984 -262.7135753631592 -1.5943076461553574
R_Hip 419.08729553222656 -261.58679008483887 1.6325362026691437
nose 407.03086853027344 -174.8366117477417 -14.92096483707428
L_eye_inner 405.11260986328125 -171.05093479156494 -12.265355885028839
L_eye 403.57398986816406 -170.94883918762207 -12.268202006816864
L_eye_outer 401.9776916503906 -170.93064308166504 -12.269879877567291
R_eye_inner 409.2134094238281 -171.25333786010742 -12.350025027990341
R_eye 410.47576904296875 -171.24369621276855 -12.35121488571167
R_eye_outer 411.70570373535156 -171.2762975692749 -12.347197532653809
L_ear 400.2291488647461 -173.74320030212402 -3.84678915143013
R_ear 414.72164154052734 -173.8408899307251 -4.176564514636993
L_mouth 404.50355529785156 -177.84825325012207 -12.561288475990295
R_mouth 409.2676544189453 -178.10173988342285 -12.621212005615234
L_Shoulder 383.3870315551758 -193.04513454437256 -1.0927652940154076
R_Shoulder 427.3338317871094 -191.39658451080322 0.63408138230443
L_Elbow 361.834716796875 -198.12805652618408 -9.656357765197754
R_Elbow 454.52392578125 -199.28184986114502 -6.800231337547302
L_Wrist 0.0 0.0 0.0
R_Wrist 0.0 0.0 0.0
L_pinky 0.0 0.0 0.0
R_pinky 0.0 0.0 0.0
L_index 0.0 0.0 0.0
R_index 0.0 0.0 0.0
L_thumb 0.0 0.0 0.0
R_thumb 0.0 0.0 0.0
L_Hip 394.6531677246094 -262.6970958709717 -1.6461912542581558
R_Hip 419.02576446533203 -261.55139923095703 1.6837600618600845
nose 406.9658660888672 -174.83413696289062 -15.289406478404999
L_eye_inner 405.0313949584961 -171.05249404907227 -12.578973174095154
L_eye 403.4823226928711 -170.95255851745605 -12.58181482553482
L_eye_outer 401.8796920776367 -170.937237739563 -12.583237886428833
R_eye_inner 409.15904998779297 -171.2545680999756 -12.669004499912262
R_eye 410.4315948486328 -171.24685764312744 -12.670494616031647
R_eye_outer 411.6649627685547 -171.2823486328125 -12.666325271129608
L_ear 400.1591110229492 -173.7527561187744 -4.0078140795230865
R_ear 414.68936920166016 -173.8593578338623 -4.4106923043727875
L_mouth 404.45960998535156 -177.84729480743408 -12.881360948085785
R_mouth 409.2463684082031 -178.099365234375 -12.959572672843933
L_Shoulder 383.4003448486328 -193.02700996398926 -1.094728708267212
R_Shoulder 427.32791900634766 -191.3988733291626 0.5521527025848627
L_Elbow 361.84234619140625 -198.3406162261963 -9.535086899995804
R_Elbow 454.5049285888672 -199.3913698196411 -6.787888705730438
L_Wrist 0.0 0.0 0.0
R_Wrist 0.0 0.0 0.0
L_pinky 0.0 0.0 0.0
R_pinky 0.0 0.0 0.0
L_index 0.0 0.0 0.0
R_index 0.0 0.0 0.0
L_thumb 0.0 0.0 0.0
R_thumb 0.0 0.0 0.0
L_Hip 394.6539306640625 -262.6676845550537 -1.617824099957943
R_Hip 419.0494918823242 -261.49867057800293 1.6547972336411476
nose 406.9382858276367 -174.89540576934814 -15.030089020729065
L_eye_inner 405.00579833984375 -171.11596584320068 -12.28640079498291
L_eye 403.4505081176758 -171.0211944580078 -12.288884818553925
L_eye_outer 401.84059143066406 -171.01491451263428 -12.29066401720047
R_eye_inner 409.1482162475586 -171.3063383102417 -12.372283637523651
R_eye 410.4217529296875 -171.29595279693604 -12.37436756491661
R_eye_outer 411.6535186767578 -171.3289976119995 -12.37051859498024
L_ear 400.0936508178711 -173.8300895690918 -3.7031345069408417
R_ear 414.67662811279297 -173.87746810913086 -4.0859125554561615
L_mouth 404.43138122558594 -177.89288520812988 -12.630560994148254
R_mouth 409.2365264892578 -178.14245223999023 -12.704436480998993
L_Shoulder 383.3403778076172 -193.05719375610352 -0.7019679993391037
R_Shoulder 427.3310852050781 -191.41691207885742 0.7969232276082039
L_Elbow 361.8577194213867 -198.41922283172607 -9.040889889001846
R_Elbow 454.67437744140625 -199.28143501281738 -6.52196928858757
L_Wrist 0.0 0.0 0.0
R_Wrist 0.0 0.0 0.0
L_pinky 0.0 0.0 0.0
R_pinky 0.0 0.0 0.0
L_index 0.0 0.0 0.0
R_index 0.0 0.0 0.0
L_thumb 0.0 0.0 0.0
R_thumb 0.0 0.0 0.0
L_Hip 394.6115493774414 -262.7291679382324 -1.5539375133812428
R_Hip 419.01248931884766 -261.516695022583 1.5916947275400162
nose 404.90978240966797 -174.9493932723999 -15.724493563175201
L_eye_inner 402.8942108154297 -171.2895154953003 -12.893500924110413
L_eye 401.4057159423828 -171.22464179992676 -12.895303964614868
L_eye_outer 399.8966598510742 -171.24714374542236 -12.895992398262024
R_eye_inner 407.02659606933594 -171.3797092437744 -13.002122938632965
R_eye 408.3045196533203 -171.34212970733643 -13.006186485290527
R_eye_outer 409.53861236572266 -171.34437561035156 -13.002364337444305
L_ear 398.5929870605469 -173.89825344085693 -4.053787514567375
R_ear 412.67417907714844 -173.6742067337036 -4.628179222345352
L_mouth 402.65003204345703 -177.9056739807129 -13.230273127555847
R_mouth 407.29026794433594 -178.09528827667236 -13.356633484363556
L_Shoulder 382.5963592529297 -192.83211708068848 -0.326799345202744
R_Shoulder 426.2749481201172 -191.23857021331787 0.600518612191081
L_Elbow 357.28260040283203 -199.78915214538574 -7.661912590265274
R_Elbow 453.74881744384766 -197.60765075683594 -5.712859705090523
L_Wrist 0.0 0.0 0.0
R_Wrist 0.0 0.0 0.0
L_pinky 0.0 0.0 0.0
R_pinky 0.0 0.0 0.0
L_index 0.0 0.0 0.0
R_index 0.0 0.0 0.0
L_thumb 0.0 0.0 0.0
R_thumb 0.0 0.0 0.0
L_Hip 394.2089080810547 -262.6929759979248 -1.1866706423461437
R_Hip 418.0794906616211 -261.2201499938965 1.2222638353705406
nose 404.10327911376953 -175.07399082183838 -17.867179214954376
L_eye_inner 401.9303512573242 -171.56773567199707 -15.067163109779358
L_eye 400.45814514160156 -171.52806758880615 -15.069165825843811
L_eye_outer 398.984375 -171.56506061553955 -15.069329738616943
R_eye_inner 406.0173797607422 -171.54740810394287 -15.058162808418274
R_eye 407.26551055908203 -171.4680004119873 -15.061327815055847
R_eye_outer 408.49475860595703 -171.42977714538574 -15.056845545768738
L_ear 397.6805877685547 -174.05938625335693 -6.134200841188431
R_ear 411.5137481689453 -173.672833442688 -6.163178011775017
L_mouth 401.8663024902344 -178.00771236419678 -15.345233678817749
R_mouth 406.4052200317383 -178.14316749572754 -15.300104022026062
L_Shoulder 382.3286437988281 -192.7513074874878 -2.4090779945254326
R_Shoulder 425.7365036010742 -191.26141548156738 -0.21905568428337574
L_Elbow 357.9049301147461 -200.5892515182495 -10.663354396820068
R_Elbow 452.6020050048828 -196.62421703338623 -6.007425859570503
L_Wrist 0.0 0.0 0.0
R_Wrist 0.0 0.0 0.0
L_pinky 0.0 0.0 0.0
R_pinky 0.0 0.0 0.0
L_index 0.0 0.0 0.0
R_index 0.0 0.0 0.0
L_thumb 0.0 0.0 0.0
R_thumb 0.0 0.0 0.0
L_Hip 393.6780548095703 -262.6727485656738 -1.2170369736850262
R_Hip 417.559814453125 -261.1482524871826 1.2556818313896656
nose 403.9067840576172 -175.07407665252686 -17.90764331817627
L_eye_inner 401.7129898071289 -171.5780782699585 -15.088066458702087
L_eye 400.20774841308594 -171.54181480407715 -15.088464319705963
L_eye_outer 398.68934631347656 -171.57986640930176 -15.088599920272827
R_eye_inner 405.84754943847656 -171.54795169830322 -15.026293694972992
R_eye 407.1059799194336 -171.46780014038086 -15.028682351112366
R_eye_outer 408.3428192138672 -171.42687320709229 -15.022723376750946
L_ear 397.29461669921875 -174.066481590271 -6.0318730771541595
R_ear 411.33182525634766 -173.62887382507324 -5.842702463269234
L_mouth 401.6278076171875 -178.00755500793457 -15.31136929988861
R_mouth 406.22982025146484 -178.1263017654419 -15.189865231513977
L_Shoulder 382.2477722167969 -192.4403715133667 -2.1309297531843185
R_Shoulder 425.4411315917969 -191.25994205474854 -0.08098961552605033
L_Elbow 358.1050109863281 -200.6344699859619 -10.393669456243515
R_Elbow 452.10411071777344 -196.57000064849854 -5.454246327280998
L_Wrist 0.0 0.0 0.0
R_Wrist 0.0 0.0 0.0
L_pinky 0.0 0.0 0.0
R_pinky 0.0 0.0 0.0
L_index 0.0 0.0 0.0
R_index 0.0 0.0 0.0
L_thumb 0.0 0.0 0.0
R_thumb 0.0 0.0 0.0
L_Hip 393.4554672241211 -262.2810459136963 -1.1759920977056026
R_Hip 417.47852325439453 -260.7831287384033 1.2142919935286045
nose 403.59352111816406 -176.06480598449707 -12.659722566604614
L_eye_inner 401.5203857421875 -172.9522705078125 -10.030277818441391
L_eye 399.96715545654297 -172.8501319885254 -10.027333348989487
L_eye_outer 398.3998489379883 -172.78264045715332 -10.029301792383194
R_eye_inner 405.6253433227539 -172.7735137939453 -9.942170232534409
R_eye 406.86397552490234 -172.58843421936035 -9.942633658647537
R_eye_outer 408.05259704589844 -172.4361276626587 -9.938199073076248
L_ear 396.6681671142578 -174.31118488311768 -2.2450463846325874
R_ear 410.87291717529297 -173.90414714813232 -1.7237354069948196
L_mouth 401.25938415527344 -178.6205291748047 -10.444878041744232
R_mouth 405.73158264160156 -178.47188472747803 -10.262663662433624
L_Shoulder 381.32057189941406 -191.86750888824463 0.310534262098372
R_Shoulder 424.0919876098633 -191.85686588287354 3.105831518769264
L_Elbow 358.11988830566406 -198.73608112335205 4.246155917644501
R_Elbow 451.71905517578125 -196.1802577972412 7.73954838514328
L_Wrist 0.0 0.0 0.0
R_Wrist 0.0 0.0 0.0
L_pinky 0.0 0.0 0.0
R_pinky 0.0 0.0 0.0
L_index 0.0 0.0 0.0
R_index 0.0 0.0 0.0
L_thumb 0.0 0.0 0.0
R_thumb 0.0 0.0 0.0
L_Hip 392.52708435058594 -261.02757453918457 -1.7530769109725952
R_Hip 416.66454315185547 -259.83083724975586 1.7917510122060776
nose 403.33229064941406 -176.06414794921875 -11.90827265381813
L_eye_inner 401.3237762451172 -172.9347324371338 -9.319459646940231
L_eye 399.79198455810547 -172.83206462860107 -9.316280484199524
L_eye_outer 398.25244903564453 -172.76487350463867 -9.317971020936966
R_eye_inner 405.3917694091797 -172.77181148529053 -9.19211059808731
R_eye 406.64730072021484 -172.59172439575195 -9.192517399787903
R_eye_outer 407.8580856323242 -172.4423360824585 -9.188350290060043
L_ear 396.5007781982422 -174.28529262542725 -1.725206896662712
R_ear 410.74207305908203 -173.9054775238037 -1.0283458046615124
L_mouth 401.05113983154297 -178.61899852752686 -9.763078391551971
R_mouth 405.44166564941406 -178.471941947937 -9.53022986650467
L_Shoulder 381.0181427001953 -191.8518877029419 0.6214832421392202
R_Shoulder 423.9925765991211 -191.85729503631592 3.7100575864315033
L_Elbow 357.61573791503906 -198.3499002456665 3.8368452340364456
R_Elbow 452.1821975708008 -196.19264602661133 8.069846034049988
L_Wrist 0.0 0.0 0.0
R_Wrist 0.0 0.0 0.0
L_pinky 0.0 0.0 0.0
R_pinky 0.0 0.0 0.0
L_index 0.0 0.0 0.0
R_index 0.0 0.0 0.0
L_thumb 0.0 0.0 0.0
R_thumb 0.0 0.0 0.0
L_Hip 392.18849182128906 -260.8366584777832 -1.8263360485434532
R_Hip 416.3958740234375 -259.69130516052246 1.8653910607099533
nose 402.8118133544922 -176.14607334136963 -12.138579785823822
L_eye_inner 400.8086395263672 -173.02428245544434 -9.552526473999023
L_eye 399.2926025390625 -172.91903972625732 -9.549812972545624
L_eye_outer 397.78446197509766 -172.8484010696411 -9.551648795604706
R_eye_inner 404.83299255371094 -172.90181636810303 -9.373001754283905
R_eye 406.0803985595703 -172.74340152740479 -9.373075515031815
R_eye_outer 407.28763580322266 -172.6255702972412 -9.368511289358139
L_ear 396.0311508178711 -174.2989683151245 -1.874510943889618
R_ear 410.1236343383789 -174.07037258148193 -0.9927604347467422
L_mouth 400.5643844604492 -178.6856174468994 -9.970875084400177
R_mouth 404.87342834472656 -178.52660179138184 -9.67608317732811
L_Shoulder 380.4563522338867 -191.79701328277588 0.921868160367012
R_Shoulder 423.4088897705078 -191.88031196594238 4.161171242594719
L_Elbow 356.97731018066406 -197.80031204223633 3.8303006440401077
R_Elbow 453.0461883544922 -196.18510723114014 8.89752060174942
L_Wrist 333.3555221557617 -200.36067008972168 8.655311167240143
R_Wrist 486.09569549560547 -196.68744564056396 12.346841394901276
L_pinky 0.0 0.0 0.0
R_pinky 0.0 0.0 0.0
L_index 0.0 0.0 0.0
R_index 0.0 0.0 0.0
L_thumb 0.0 0.0 0.0
R_thumb 0.0 0.0 0.0
L_Hip 391.9369888305664 -260.50586700439453 -2.0721478387713432
R_Hip 415.9645462036133 -259.37310218811035 2.1123960614204407
nose 402.68470764160156 -176.18011951446533 -11.99319213628769
L_eye_inner 400.6946563720703 -173.06904315948486 -9.415910392999649
L_eye 399.18445587158203 -172.97255516052246 -9.413038939237595
L_eye_outer 397.6840591430664 -172.90989875793457 -9.415096789598465
R_eye_inner 404.7137451171875 -172.92826652526855 -9.223374724388123
R_eye 405.95909118652344 -172.76909351348877 -9.223540127277374
R_eye_outer 407.1687698364258 -172.65462398529053 -9.218911081552505
L_ear 395.9408187866211 -174.33242797851562 -1.8299520015716553
R_ear 410.0154113769531 -174.1024875640869 -0.8703244850039482
L_mouth 400.43548583984375 -178.71291160583496 -9.849879145622253
R_mouth 404.73384857177734 -178.53877544403076 -9.542189538478851
L_Shoulder 380.36670684814453 -191.79059028625488 0.6327085196971893
R_Shoulder 423.1831741333008 -191.87561988830566 4.391132295131683
L_Elbow 357.0108413696289 -197.73912906646729 4.185763001441956
R_Elbow 453.0290222167969 -196.191086769104 9.094901382923126
L_Wrist 333.52001190185547 -200.20490169525146 9.605221450328827
R_Wrist 485.85201263427734 -196.37362003326416 12.520833313465118
L_pinky 0.0 0.0 0.0
R_pinky 495.75374603271484 -199.8947238922119 14.557129144668579
L_index 0.0 0.0 0.0
R_index 495.3831481933594 -197.54074573516846 14.095914363861084
L_thumb 0.0 0.0 0.0
R_thumb 0.0 0.0 0.0
L_Hip 391.7684555053711 -260.49882888793945 -2.3383866995573044
R_Hip 415.71537017822266 -259.32143211364746 2.378397434949875
nose 402.2077178955078 -176.38906002044678 -11.472755670547485
L_eye_inner 400.3034210205078 -173.3371067047119 -8.828792721033096
L_eye 398.8610076904297 -173.23616981506348 -8.825601637363434
L_eye_outer 397.4176788330078 -173.16773414611816 -8.826860785484314
R_eye_inner 404.2060089111328 -173.18414211273193 -8.732925355434418
R_eye 405.4357147216797 -173.02029132843018 -8.7335005402565
R_eye_outer 406.64966583251953 -172.90692329406738 -8.729080110788345
L_ear 395.77476501464844 -174.50360298156738 -1.1222182773053646
R_ear 409.47811126708984 -174.3301820755005 -0.5903169978410006
L_mouth 400.06919860839844 -178.90660285949707 -9.300701320171356
R_mouth 404.17980194091797 -178.70108127593994 -9.120213985443115
L_Shoulder 380.2642822265625 -191.79176330566406 1.1837974190711975
R_Shoulder 422.93888092041016 -191.80599689483643 4.203898832201958
L_Elbow 357.0428466796875 -197.74224758148193 4.895932972431183
R_Elbow 453.12767028808594 -196.18535041809082 8.301898837089539
L_Wrist 333.0657196044922 -200.16384601593018 9.881597012281418
R_Wrist 486.08367919921875 -196.24650478363037 11.457692086696625
L_pinky 326.1899948120117 -204.19708728790283 11.827103048563004
R_pinky 495.7540512084961 -199.8014259338379 13.396479189395905
L_index 325.9787368774414 -203.7070369720459 11.87748908996582
R_index 495.4710006713867 -197.41270065307617 13.024869561195374
L_thumb 0.0 0.0 0.0
R_thumb 492.164306640625 -196.27050876617432 11.299838125705719
L_Hip 391.70597076416016 -260.49771308898926 -2.1844934672117233
R_Hip 415.66017150878906 -259.2770576477051 2.2254597395658493
nose 402.0818328857422 -176.7958402633667 -11.976344883441925
L_eye_inner 400.2211380004883 -173.78384113311768 -9.357375651597977
L_eye 398.7922668457031 -173.66410732269287 -9.354463964700699
L_eye_outer 397.3604965209961 -173.57738971710205 -9.355880320072174
R_eye_inner 404.0716552734375 -173.60040664672852 -9.255753457546234
R_eye 405.2837371826172 -173.40402603149414 -9.256383031606674
R_eye_outer 406.47544860839844 -173.2654094696045 -9.25188884139061
L_ear 395.74546813964844 -174.75867748260498 -1.5048632398247719
R_ear 409.2124557495117 -174.56643104553223 -0.8954251185059547
L_mouth 399.94361877441406 -179.28146839141846 -9.803284704685211
R_mouth 403.97666931152344 -178.97046089172363 -9.614855796098709
L_Shoulder 380.2710723876953 -191.8559217453003 0.9548965841531754
R_Shoulder 422.83050537109375 -191.80123329162598 3.9750613272190094
L_Elbow 356.9940948486328 -197.7828311920166 3.977429121732712
R_Elbow 453.16749572753906 -196.23833656311035 7.480165362358093
L_Wrist 333.17138671875 -200.09828567504883 8.879615366458893
R_Wrist 486.73973083496094 -196.26930713653564 10.476378351449966
L_pinky 326.2882995605469 -204.17298316955566 10.80726832151413
R_pinky 496.0421371459961 -199.766206741333 12.390784174203873
L_index 326.01085662841797 -203.6046266555786 10.852114856243134
R_index 495.6791687011719 -197.38775253295898 12.019840627908707
L_thumb 328.1645965576172 -203.55919361114502 8.891303092241287
R_thumb 492.47779846191406 -196.29698753356934 10.311035811901093
L_Hip 391.69849395751953 -260.30221939086914 -2.1405713632702827
R_Hip 415.5664825439453 -259.121789932251 2.1802088245749474
CAMERA: init position verified
Training: finish waving
Training: start exercises
TRAINING: Exercise  raise_arms_horizontally  start
CAMERA: Exercise  raise_arms_horizontally  start
ROBOT: Exercise  raise_arms_horizontally  start
1
2
3
4
5
6
7
8
TRAINING: Exercise  raise_arms_horizontally  done
0    0.999765
1    0.999771
dtype: float64
CAMERA: performance classification {'raise_arms_horizontally': {'right': 0.9997710147282636, 'left': 0.9997647500064129}}
C:\Users\Administrator\Documents\NetanelAndTal\N&T2026\GymmyNetanelAndTal2026\Gymmy-master\performance_classification.py:246: UserWarning: Starting a Matplotlib GUI outside of the main thread will likely fail.
  plt.figure()
CAMERA: Exercise    done
ROBOT: Exercise    done
TRAINING: Exercise  raise_arms_bend_elbows  start
CAMERA: Exercise  raise_arms_bend_elbows  start
ROBOT: Exercise  raise_arms_bend_elbows  start
1
2
3
4
RIGHT CLICK REBOOT TRIGGERED
ROBOT: Exercise  raise_arms_bend_elbows  done
TRAINING: Exercise  raise_arms_bend_elbows  done
0    1.0
1    1.0
dtype: float64
CAMERA: performance classification {'raise_arms_horizontally': {'right': 0.9997710147282636, 'left': 0.9997647500064129}, 'raise_arms_bend_elbows': {'right': 0.9999999957675478, 'left': 0.9999999951726899}}
C:\Users\Administrator\Documents\NetanelAndTal\N&T2026\GymmyNetanelAndTal2026\Gymmy-master\performance_classification.py:246: UserWarning: Starting a Matplotlib GUI outside of the main thread will likely fail.
  plt.figure()
CAMERA: Exercise    done
TRAINING: Reboot detected, repeating exercise: raise_arms_bend_elbows
TRAINING: Exercise  raise_arms_bend_elbows  start
CAMERA: Exercise  raise_arms_bend_elbows  start
ROBOT: Exercise  raise_arms_bend_elbows  start
1
2
3
4
5
6
7
8
0    1.0
1    1.0
dtype: float64
CAMERA: performance classification {'raise_arms_horizontally': {'right': 0.9997710147282636, 'left': 0.9997647500064129}, 'raise_arms_bend_elbows': {'right': 0.9999999957675478, 'left': 0.9999999951726899}, 'raise_arms_bend_elbows1949': {'right': 0.9999999870987667, 'left': 0.9999999997024764}}
C:\Users\Administrator\Documents\NetanelAndTal\N&T2026\GymmyNetanelAndTal2026\Gymmy-master\performance_classification.py:246: UserWarning: Starting a Matplotlib GUI outside of the main thread will likely fail.
  plt.figure()
RIGHT CLICK REBOOT TRIGGERED
CAMERA: Exercise    done
TRAINING: Exercise  raise_arms_bend_elbows  done
TRAINING: Reboot detected, repeating exercise: raise_arms_bend_elbows
ROBOT: Exercise    done
TRAINING: Exercise  raise_arms_bend_elbows  start
CAMERA: Exercise  raise_arms_bend_elbows  start
ROBOT: Exercise  raise_arms_bend_elbows  start
1
2
3
4
5
6
7
8
0    0.999999
1    0.999997
dtype: float64
CAMERA: performance classification {'raise_arms_horizontally': {'right': 0.9997710147282636, 'left': 0.9997647500064129}, 'raise_arms_bend_elbows': {'right': 0.9999999957675478, 'left': 0.9999999951726899}, 'raise_arms_bend_elbows1949': {'right': 0.9999999870987667, 'left': 0.9999999997024764}, 'raise_arms_bend_elbows2016': {'right': 0.9999973463270383, 'left': 0.9999987087465398}}
C:\Users\Administrator\Documents\NetanelAndTal\N&T2026\GymmyNetanelAndTal2026\Gymmy-master\performance_classification.py:246: UserWarning: Starting a Matplotlib GUI outside of the main thread will likely fail.
  plt.figure()
CAMERA: Exercise    done
TRAINING: Exercise  raise_arms_bend_elbows  done
ROBOT: Exercise    done
TRAINING: Exercise  open_and_close_arms  start
CAMERA: Exercise  open_and_close_arms  start
ROBOT: Exercise  open_and_close_arms  start
1
2
3
4
5
6
7
8
0    1.0
1    1.0
dtype: float64
CAMERA: performance classification {'raise_arms_horizontally': {'right': 0.9997710147282636, 'left': 0.9997647500064129}, 'raise_arms_bend_elbows': {'right': 0.9999999957675478, 'left': 0.9999999951726899}, 'raise_arms_bend_elbows1949': {'right': 0.9999999870987667, 'left': 0.9999999997024764}, 'raise_arms_bend_elbows2016': {'right': 0.9999973463270383, 'left': 0.9999987087465398}, 'open_and_close_arms': {'right': 0.9999999997220916, 'left': 0.9999999999522451}}
C:\Users\Administrator\Documents\NetanelAndTal\N&T2026\GymmyNetanelAndTal2026\Gymmy-master\performance_classification.py:246: UserWarning: Starting a Matplotlib GUI outside of the main thread will likely fail.
  plt.figure()
TRAINING: Exercise  open_and_close_arms  done
CAMERA: Exercise    done
ROBOT: Exercise    done
TRAINING: Exercise  bend_elbows  start
CAMERA: Exercise  bend_elbows  start
ROBOT: Exercise  bend_elbows  start
1
2
3
4
RIGHT CLICK REBOOT TRIGGERED
RIGHT CLICK REBOOT TRIGGERED
RIGHT CLICK REBOOT TRIGGERED
RIGHT CLICK REBOOT TRIGGERED
RIGHT CLICK REBOOT TRIGGERED
ROBOT: Exercise  bend_elbows  done
TRAINING: Exercise  bend_elbows  done
0    0.999959
1    0.999998
dtype: float64
CAMERA: performance classification {'raise_arms_horizontally': {'right': 0.9997710147282636, 'left': 0.9997647500064129}, 'raise_arms_bend_elbows': {'right': 0.9999999957675478, 'left': 0.9999999951726899}, 'raise_arms_bend_elbows1949': {'right': 0.9999999870987667, 'left': 0.9999999997024764}, 'raise_arms_bend_elbows2016': {'right': 0.9999973463270383, 'left': 0.9999987087465398}, 'open_and_close_arms': {'right': 0.9999999997220916, 'left': 0.9999999999522451}, 'bend_elbows': {'right': 0.9999978058759025, 'left': 0.9999585202868407}}
C:\Users\Administrator\Documents\NetanelAndTal\N&T2026\GymmyNetanelAndTal2026\Gymmy-master\performance_classification.py:246: UserWarning: Starting a Matplotlib GUI outside of the main thread will likely fail.
  plt.figure()
CAMERA: Exercise    done
RIGHT CLICK REBOOT TRIGGERED
TRAINING: Reboot detected, repeating exercise: bend_elbows
RIGHT CLICK REBOOT TRIGGERED
RIGHT CLICK REBOOT TRIGGERED
RIGHT CLICK REBOOT TRIGGERED
RIGHT CLICK REBOOT TRIGGERED
RIGHT CLICK REBOOT TRIGGERED
RIGHT CLICK REBOOT TRIGGERED
TRAINING: Exercise  bend_elbows  start
RIGHT CLICK REBOOT TRIGGERED
RIGHT CLICK REBOOT TRIGGERED
RIGHT CLICK REBOOT TRIGGERED
CAMERA: Exercise  bend_elbows  start
RIGHT CLICK REBOOT TRIGGERED
ROBOT: Exercise  bend_elbows  start
RIGHT CLICK REBOOT TRIGGERED
RIGHT CLICK REBOOT TRIGGERED
RIGHT CLICK REBOOT TRIGGERED
ROBOT: Exercise  bend_elbows  done
TRAINING: Exercise  bend_elbows  done
CAMERA: Exercise    done
TRAINING: Reboot detected, repeating exercise: bend_elbows
TRAINING: Exercise  bend_elbows  start
CAMERA: Exercise  bend_elbows  start
ROBOT: Exercise  bend_elbows  start
1
2
3
4
5
6
7
8
0    0.999992
1    0.999989
dtype: float64
CAMERA: performance classification {'raise_arms_horizontally': {'right': 0.9997710147282636, 'left': 0.9997647500064129}, 'raise_arms_bend_elbows': {'right': 0.9999999957675478, 'left': 0.9999999951726899}, 'raise_arms_bend_elbows1949': {'right': 0.9999999870987667, 'left': 0.9999999997024764}, 'raise_arms_bend_elbows2016': {'right': 0.9999973463270383, 'left': 0.9999987087465398}, 'open_and_close_arms': {'right': 0.9999999997220916, 'left': 0.9999999999522451}, 'bend_elbows': {'right': 1, 'left': 1}, 'bend_elbows2215': {'right': 0.9999894809211833, 'left': 0.9999920544156398}}
C:\Users\Administrator\Documents\NetanelAndTal\N&T2026\GymmyNetanelAndTal2026\Gymmy-master\performance_classification.py:246: UserWarning: Starting a Matplotlib GUI outside of the main thread will likely fail.
  plt.figure()
CAMERA: Exercise    done
TRAINING: Exercise  bend_elbows  done
ROBOT: Exercise    done
TRAINING: Exercise  raise_arms_forward  start
CAMERA: Exercise  raise_arms_forward  start
ROBOT: Exercise  raise_arms_forward  start
ROBOT: Exercise  raise_arms_forward  done
TRAINING: Exercise  raise_arms_forward  done
CAMERA: Exercise    done
TRAINING: Exercise  open_and_close_arms_90  start
CAMERA: Exercise  open_and_close_arms_90  start
ROBOT: Exercise  open_and_close_arms_90  start
ROBOT: Exercise  open_and_close_arms_90  done
TRAINING: Exercise  open_and_close_arms_90  done
CAMERA: Exercise    done
Robot Done
Camera Done
TRAINING DONE
ALL SYSTEMS GO. Workout session in progress.
C:\ProgramData\Anaconda3\envs\poppyCode\lib\site-packages\xlsxwriter\workbook.py:339: UserWarning: Calling close() on already closed file.
  warn("Calling close() on already closed file.")
